provider,account,transaction_id,ship_date,order_id,store_id,service,postage_amount,adjustment_amount,gl_account,department
Pitney Bowes,DEMO-0101,SHIP-2608-000001,2026-08-03,AMZ-2608-000020,GW-004,USPS Ground Advantage,6.60,2.91,10009,180
Pitney Bowes,DEMO-0101,SHIP-2608-000002,2026-08-03,AMZ-2608-000024,GW-004,USPS Ground Advantage,4.88,0.00,10009,180
OSM,DEMO-0101,SHIP-2608-000003,2026-08-03,AMZ-2608-000040,GW-017,Parcel Select,12.68,0.00,10009,180
OSM,DEMO-0101,SHIP-2608-000004,2026-08-04,AMZ-2608-000117,GW-022,Parcel Select,5.81,0.00,10009,180
OSM,DEMO-0101,SHIP-2608-000005,2026-08-03,AMZ-2608-000169,GW-017,Parcel Select,12.96,0.00,10009,180
OSM,DEMO-0101,SHIP-2608-000006,2026-08-03,AMZ-2608-000240,GW-021,Parcel Select,14.50,0.00,10009,180
EasyPost,DEMO-0101,SHIP-2608-000007,2026-08-03,AMZ-2608-000304,GW-021,USPS Priority,11.86,0.00,10009,180
OSM,DEMO-0101,SHIP-2608-000008,2026-08-03,AMZ-2608-000306,GW-009,Parcel Select,8.07,0.00,10009,180
Pitney Bowes,DEMO-0101,SHIP-2608-000009,2026-08-03,AMZ-2608-000324,GW-004,USPS Ground Advantage,9.62,0.00,10009,180
OSM,DEMO-0101,SHIP-2608-000010,2026-08-03,AMZ-2608-000374,GW-006,Parcel Select,6.73,0.00,10009,180
Pitney Bowes,DEMO-0101,SHIP-2608-000011,2026-08-03,AMZ-2608-000443,GW-024,USPS Ground Advantage,5.12,0.00,10009,180
Pitney Bowes,DEMO-0101,SHIP-2608-000012,2026-08-03,AMZ-2608-000455,GW-008,USPS Ground Advantage,11.94,0.00,10009,180
OSM,DEMO-0101,SHIP-2608-000013,2026-08-03,AMZ-2608-000504,GW-018,Parcel Select,14.57,0.00,10009,180
OSM,DEMO-0101,SHIP-2608-000014,2026-08-03,AMZ-2608-000571,GW-001,Parcel Select,14.55,0.00,10009,180
EasyPost,DEMO-0101,SHIP-2608-000015,2026-08-03,AMZ-2608-000605,GW-017,USPS Priority,6.85,0.00,10009,180
OSM,DEMO-0101,SHIP-2608-000016,2026-08-03,AMZ-2608-000612,GW-011,Parcel Select,14.17,0.00,10009,180
EasyPost,DEMO-0101,SHIP-2608-000017,2026-08-03,AMZ-2608-000623,GW-020,USPS Ground Advantage,6.79,0.00,10009,180
OSM,DEMO-0101,SHIP-2608-000018,2026-08-03,CM-2608-000026,GW-009,Parcel Select,11.33,0.00,10009,180
Pitney Bowes,DEMO-0101,SHIP-2608-000019,2026-08-03,CM-2608-000152,GW-020,USPS Ground Advantage,10.17,0.00,10009,180
OSM,DEMO-0101,SHIP-2608-000020,2026-08-03,CM-2608-000176,GW-016,Parcel Select,9.22,1.60,10009,180
EasyPost,DEMO-0101,SHIP-2608-000021,2026-08-04,CM-2608-000190,GW-012,USPS Priority,7.87,0.00,10009,180
Pitney Bowes,DEMO-0101,SHIP-2608-000022,2026-08-03,CM-2608-000285,GW-012,USPS Ground Advantage,8.92,0.00,10009,180
Pitney Bowes,DEMO-0101,SHIP-2608-000023,2026-08-03,CM-2608-000316,GW-004,USPS Ground Advantage,3.92,0.00,10009,180
Pitney Bowes,DEMO-0101,SHIP-2608-000024,2026-08-03,CM-2608-000330,GW-001,USPS Ground Advantage,4.43,0.00,10009,180
OSM,DEMO-0101,SHIP-2608-000025,2026-08-04,CM-2608-000334,GW-023,Parcel Select,6.15,0.00,10009,180
Pitney Bowes,DEMO-0101,SHIP-2608-000026,2026-08-04,CM-2608-000371,GW-012,USPS Ground Advantage,7.69,0.00,10009,180
Pitney Bowes,DEMO-0101,SHIP-2608-000027,2026-08-03,CM-2608-000424,GW-024,USPS Ground Advantage,5.48,0.00,10009,180
Pitney Bowes,DEMO-0101,SHIP-2608-000028,2026-08-04,CM-2608-000451,GW-018,USPS Ground Advantage,8.18,0.00,10009,180
Pitney Bowes,DEMO-0101,SHIP-2608-000029,2026-08-03,CM-2608-000453,GW-006,USPS Ground Advantage,9.12,0.00,10009,180
OSM,DEMO-0101,SHIP-2608-000030,2026-08-03,EB-2608-000059,GW-005,Parcel Select,6.75,0.00,10009,180
EasyPost,DEMO-0101,SHIP-2608-000031,2026-08-03,EB-2608-000133,GW-016,USPS Ground Advantage,13.24,0.00,10009,180
Pitney Bowes,DEMO-0101,SHIP-2608-000032,2026-08-03,EB-2608-000257,GW-024,USPS Ground Advantage,8.72,0.00,10009,180
EasyPost,DEMO-0101,SHIP-2608-000033,2026-08-03,EB-2608-000289,GW-016,USPS Priority,14.30,0.00,10009,180
EasyPost,DEMO-0101,SHIP-2608-000034,2026-08-03,EB-2608-000381,GW-021,USPS Ground Advantage,3.61,0.00,10009,180
OSM,DEMO-0101,SHIP-2608-000035,2026-08-03,EB-2608-000405,GW-016,Parcel Select,14.17,0.00,10009,180
EasyPost,DEMO-0101,SHIP-2608-000036,2026-08-04,EB-2608-000430,GW-011,USPS Ground Advantage,5.39,0.14,10009,180
Pitney Bowes,DEMO-0101,SHIP-2608-000037,2026-08-04,EB-2608-000484,GW-024,USPS Ground Advantage,13.52,0.00,10009,180
OSM,DEMO-0101,SHIP-2608-000038,2026-08-03,EB-2608-000541,GW-020,Parcel Select,7.64,0.00,10009,180
OSM,DEMO-0101,SHIP-2608-000039,2026-08-03,EB-2608-000561,GW-015,Parcel Select,4.95,0.00,10009,180
EasyPost,DEMO-0101,SHIP-2608-000040,2026-08-04,EB-2608-000591,GW-001,USPS Ground Advantage,14.02,0.00,10009,180
OSM,DEMO-0101,SHIP-2608-000041,2026-08-03,EB-2608-000603,GW-020,Parcel Select,5.17,0.00,10009,180
EasyPost,DEMO-0101,SHIP-2608-000042,2026-08-03,EB-2608-000614,GW-005,USPS Ground Advantage,14.71,0.00,10009,180
OSM,DEMO-0101,SHIP-2608-000043,2026-08-03,EB-2608-000626,GW-020,Parcel Select,3.74,0.00,10009,180
OSM,DEMO-0101,SHIP-2608-000044,2026-08-03,EB-2608-000669,GW-013,Parcel Select,8.11,0.00,10009,180
EasyPost,DEMO-0101,SHIP-2608-000045,2026-08-03,EB-2608-000683,GW-014,USPS Ground Advantage,7.10,0.00,10009,180
OSM,DEMO-0101,SHIP-2608-000046,2026-08-03,EB-2608-000694,GW-002,Parcel Select,5.86,0.00,10009,180
Pitney Bowes,DEMO-0101,SHIP-2608-000047,2026-08-04,EB-2608-000723,GW-006,USPS Ground Advantage,10.80,0.00,10009,180
Pitney Bowes,DEMO-0101,SHIP-2608-000048,2026-08-06,EB-2608-000756,GW-017,USPS Ground Advantage,5.73,0.90,10009,180
OSM,DEMO-0101,SHIP-2608-000049,2026-08-05,EB-2608-000781,GW-010,Parcel Select,5.85,0.00,10009,180
Pitney Bowes,DEMO-0101,SHIP-2608-000050,2026-08-03,EB-2608-000789,GW-012,USPS Ground Advantage,8.78,0.00,10009,180
OSM,DEMO-0101,SHIP-2608-000051,2026-08-03,EB-2608-000811,GW-019,Parcel Select,4.11,0.00,10009,180
EasyPost,DEMO-0101,SHIP-2608-000052,2026-08-03,EB-2608-000814,GW-016,USPS Ground Advantage,14.23,0.00,10009,180
Pitney Bowes,DEMO-0101,SHIP-2608-000053,2026-08-03,GWB-2608-000074,GW-001,USPS Ground Advantage,11.04,1.79,10009,180
OSM,DEMO-0101,SHIP-2608-000054,2026-08-03,GWB-2608-000085,GW-012,Parcel Select,10.76,0.00,10009,180
Pitney Bowes,DEMO-0101,SHIP-2608-000055,2026-08-04,GWB-2608-000154,GW-010,USPS Ground Advantage,14.65,0.00,10009,180
OSM,DEMO-0101,SHIP-2608-000056,2026-08-03,GWB-2608-000172,GW-010,Parcel Select,12.07,0.00,10009,180
OSM,DEMO-0101,SHIP-2608-000057,2026-08-03,GWB-2608-000183,GW-011,Parcel Select,13.66,0.00,10009,180
Pitney Bowes,DEMO-0101,SHIP-2608-000058,2026-08-03,GWB-2608-000300,GW-008,USPS Ground Advantage,4.06,0.00,10009,180
OSM,DEMO-0101,SHIP-2608-000059,2026-08-03,GWB-2608-000327,GW-008,Parcel Select,12.09,0.00,10009,180
OSM,DEMO-0101,SHIP-2608-000060,2026-08-04,GWB-2608-000345,GW-024,Parcel Select,5.36,0.00,10009,180
Pitney Bowes,DEMO-0101,SHIP-2608-000061,2026-08-04,GWB-2608-000367,GW-004,USPS Ground Advantage,15.09,0.00,10009,180
OSM,DEMO-0101,SHIP-2608-000062,2026-08-03,GWB-2608-000393,GW-008,Parcel Select,13.18,0.00,10009,180
OSM,DEMO-0101,SHIP-2608-000063,2026-08-03,GWB-2608-000395,GW-003,Parcel Select,12.94,2.29,10009,180
EasyPost,DEMO-0101,SHIP-2608-000064,2026-08-03,SGW-2608-000018,GW-010,USPS Ground Advantage,6.68,0.00,10009,180
OSM,DEMO-0101,SHIP-2608-000065,2026-08-03,SGW-2608-000064,GW-015,Parcel Select,6.59,0.00,10009,180
Pitney Bowes,DEMO-0101,SHIP-2608-000066,2026-08-03,SGW-2608-000139,GW-020,USPS Ground Advantage,14.67,0.00,10009,180
OSM,DEMO-0101,SHIP-2608-000067,2026-08-03,SGW-2608-000146,GW-004,Parcel Select,4.40,0.00,10009,180
Pitney Bowes,DEMO-0101,SHIP-2608-000068,2026-08-03,SGW-2608-000162,GW-022,USPS Ground Advantage,8.14,0.00,10009,180
EasyPost,DEMO-0101,SHIP-2608-000069,2026-08-03,SGW-2608-000167,GW-004,USPS Priority,8.98,-1.25,10009,180
Pitney Bowes,DEMO-0101,SHIP-2608-000070,2026-08-04,SGW-2608-000183,GW-011,USPS Ground Advantage,10.29,0.00,10009,180
EasyPost,DEMO-0101,SHIP-2608-000071,2026-08-03,SGW-2608-000187,GW-005,USPS Ground Advantage,13.22,0.00,10009,180
OSM,DEMO-0101,SHIP-2608-000072,2026-08-03,SGW-2608-000324,GW-008,Parcel Select,14.49,0.00,10009,180
OSM,DEMO-0101,SHIP-2608-000073,2026-08-03,SGW-2608-000333,GW-004,Parcel Select,4.53,0.00,10009,180
OSM,DEMO-0101,SHIP-2608-000074,2026-08-03,SGW-2608-000423,GW-008,Parcel Select,12.57,0.00,10009,180
OSM,DEMO-0101,SHIP-2608-000075,2026-08-03,SGW-2608-000495,GW-017,Parcel Select,14.11,0.00,10009,180
OSM,DEMO-0101,SHIP-2608-000076,2026-08-04,SGW-2608-000522,GW-011,Parcel Select,4.61,0.00,10009,180
Pitney Bowes,DEMO-0101,SHIP-2608-000077,2026-08-03,SGW-2608-000526,GW-011,USPS Ground Advantage,9.79,-0.26,10009,180
OSM,DEMO-0101,SHIP-2608-000078,2026-08-03,SGW-2608-000528,GW-002,Parcel Select,4.71,0.00,10009,180
Pitney Bowes,DEMO-0101,SHIP-2608-000079,2026-08-04,SGW-2608-000532,GW-016,USPS Ground Advantage,11.63,0.00,10009,180
EasyPost,DEMO-0101,SHIP-2608-000080,2026-08-03,SGW-2608-000628,GW-016,USPS Ground Advantage,10.04,0.00,10009,180
OSM,DEMO-0101,SHIP-2608-000081,2026-08-04,SGW-2608-000647,GW-008,Parcel Select,9.68,0.00,10009,180
EasyPost,DEMO-0101,SHIP-2608-000082,2026-08-03,SGW-2608-000654,GW-018,USPS Priority,8.51,0.00,10009,180
Pitney Bowes,DEMO-0101,SHIP-2608-000083,2026-08-03,SGW-2608-000704,GW-020,USPS Ground Advantage,14.92,0.00,10009,180
Pitney Bowes,DEMO-0101,SHIP-2608-000084,2026-08-03,SGW-2608-000719,GW-001,USPS Ground Advantage,10.45,0.00,10009,180
OSM,DEMO-0101,SHIP-2608-000085,2026-08-03,SGW-2608-000730,GW-001,Parcel Select,4.41,0.00,10009,180
OSM,DEMO-0101,SHIP-2608-000086,2026-08-03,SGW-2608-000862,GW-019,Parcel Select,13.20,-1.40,10009,180
OSM,DEMO-0101,SHIP-2608-000087,2026-08-03,SGW-2608-000887,GW-018,Parcel Select,10.54,0.00,10009,180
OSM,DEMO-0101,SHIP-2608-000088,2026-08-03,SGW-2608-000916,GW-013,Parcel Select,6.58,0.00,10009,180
OSM,DEMO-0101,SHIP-2608-000089,2026-08-04,SGW-2608-000959,GW-017,Parcel Select,11.76,0.00,10009,180
Pitney Bowes,DEMO-0101,SHIP-2608-000090,2026-08-03,SGW-2608-000978,GW-001,USPS Ground Advantage,7.78,0.00,10009,180
EasyPost,DEMO-0101,SHIP-2608-000091,2026-08-03,SGW-2608-001133,GW-017,USPS Ground Advantage,11.89,0.00,10009,180
OSM,DEMO-0101,SHIP-2608-000092,2026-08-04,SGW-2608-001148,GW-016,Parcel Select,11.04,0.00,10009,180
OSM,DEMO-0101,SHIP-2608-000093,2026-08-03,SGW-2608-001158,GW-009,Parcel Select,8.80,0.00,10009,180
Pitney Bowes,DEMO-0101,SHIP-2608-000094,2026-08-03,SGW-2608-001161,GW-008,USPS Ground Advantage,10.72,0.00,10009,180
OSM,DEMO-0101,SHIP-2608-000095,2026-08-03,SGW-2608-001194,GW-005,Parcel Select,4.74,0.00,10009,180
EasyPost,DEMO-0101,SHIP-2608-000096,2026-08-04,SGW-2608-001210,GW-004,USPS Ground Advantage,13.85,0.00,10009,180
OSM,DEMO-0101,SHIP-2608-000097,2026-08-03,SGW-2608-001265,GW-009,Parcel Select,14.78,0.00,10009,180
OSM,DEMO-0101,SHIP-2608-000098,2026-08-03,SGW-2608-001303,GW-023,Parcel Select,14.69,0.00,10009,180
Pitney Bowes,DEMO-0101,SHIP-2608-000099,2026-08-03,SGW-2608-001388,GW-012,USPS Ground Advantage,4.04,0.00,10009,180
OSM,DEMO-0101,SHIP-2608-000100,2026-08-03,SGW-2608-001424,GW-004,Parcel Select,12.07,0.00,10009,180
OSM,DEMO-0101,SHIP-2608-000101,2026-08-03,SGW-2608-001468,GW-002,Parcel Select,6.18,0.24,10009,180
OSM,DEMO-0101,SHIP-2608-000102,2026-08-03,SGW-2608-001636,GW-008,Parcel Select,4.16,0.00,10009,180
EasyPost,DEMO-0101,SHIP-2608-000103,2026-08-03,SGW-2608-001751,GW-015,USPS Priority,8.69,0.00,10009,180
Pitney Bowes,DEMO-0101,SHIP-2608-000104,2026-08-03,SGW-2608-001762,GW-017,USPS Ground Advantage,7.26,0.00,10009,180
Pitney Bowes,DEMO-0101,SHIP-2608-000105,2026-08-04,UP-2608-000016,GW-004,USPS Ground Advantage,8.57,0.00,10009,180
OSM,DEMO-0101,SHIP-2608-000106,2026-08-03,UP-2608-000074,GW-011,Parcel Select,13.47,-0.15,10009,180
Pitney Bowes,DEMO-0101,SHIP-2608-000107,2026-08-03,UP-2608-000141,GW-021,USPS Ground Advantage,5.26,0.00,10009,180
Pitney Bowes,DEMO-0101,SHIP-2608-000108,2026-08-03,UP-2608-000174,GW-009,USPS Ground Advantage,12.54,0.00,10009,180
Pitney Bowes,DEMO-0101,SHIP-2608-000109,2026-08-03,UP-2608-000253,GW-007,USPS Ground Advantage,8.64,0.00,10009,180
OSM,DEMO-0101,SHIP-2608-000110,2026-08-03,UP-2608-000305,GW-014,Parcel Select,8.44,0.00,10009,180
EasyPost,DEMO-0101,SHIP-2608-000111,2026-08-03,UP-2608-000350,GW-008,USPS Ground Advantage,10.68,0.00,10009,180
OSM,DEMO-0101,SHIP-2608-000112,2026-08-03,UP-2608-000365,GW-001,Parcel Select,9.25,0.00,10009,180
OSM,DEMO-0101,SHIP-2608-000113,2026-08-03,UP-2608-000387,GW-012,Parcel Select,5.01,0.00,10009,180
OSM,DEMO-0101,SHIP-2608-000114,2026-08-03,UP-2608-000427,GW-005,Parcel Select,6.29,0.00,10009,180
EasyPost,DEMO-0101,SHIP-2608-000115,2026-08-04,UP-2608-000441,GW-003,USPS Ground Advantage,13.20,0.00,10009,180
EasyPost,DEMO-0101,SHIP-2608-000116,2026-08-03,UP-2608-000487,GW-016,USPS Priority,14.46,-0.54,10009,180
OSM,DEMO-0101,SHIP-2608-000117,2026-08-05,UP-2608-000503,GW-023,Parcel Select,12.36,0.00,10009,180
Pitney Bowes,DEMO-0101,SHIP-2608-000118,2026-08-03,UP-2608-000575,GW-004,USPS Ground Advantage,14.27,0.00,10009,180
OSM,DEMO-0101,SHIP-2608-000119,2026-08-03,UP-2608-000612,GW-020,Parcel Select,5.76,0.00,10009,180
OSM,DEMO-0101,SHIP-2608-000120,2026-08-04,AMZ-2608-000060,GW-011,Parcel Select,8.80,0.00,10009,180
OSM,DEMO-0101,SHIP-2608-000121,2026-08-04,AMZ-2608-000085,GW-004,Parcel Select,13.21,0.00,10009,180
Pitney Bowes,DEMO-0101,SHIP-2608-000122,2026-08-03,AMZ-2608-000118,GW-004,USPS Ground Advantage,7.64,0.00,10009,180
Pitney Bowes,DEMO-0101,SHIP-2608-000123,2026-08-03,AMZ-2608-000165,GW-004,USPS Ground Advantage,10.76,0.00,10009,180
OSM,DEMO-0101,SHIP-2608-000124,2026-08-05,AMZ-2608-000208,GW-017,Parcel Select,7.34,0.00,10009,180
OSM,DEMO-0101,SHIP-2608-000125,2026-08-03,AMZ-2608-000232,GW-004,Parcel Select,9.33,0.00,10009,180
Pitney Bowes,DEMO-0101,SHIP-2608-000126,2026-08-03,AMZ-2608-000345,GW-020,USPS Ground Advantage,13.12,0.00,10009,180
EasyPost,DEMO-0101,SHIP-2608-000127,2026-08-03,AMZ-2608-000401,GW-002,USPS Ground Advantage,8.65,0.00,10009,180
OSM,DEMO-0101,SHIP-2608-000128,2026-08-04,AMZ-2608-000461,GW-019,Parcel Select,4.31,0.00,10009,180
Pitney Bowes,DEMO-0101,SHIP-2608-000129,2026-08-03,AMZ-2608-000469,GW-023,USPS Ground Advantage,13.21,0.00,10009,180
OSM,DEMO-0101,SHIP-2608-000130,2026-08-04,AMZ-2608-000488,GW-008,Parcel Select,4.97,0.00,10009,180
OSM,DEMO-0101,SHIP-2608-000131,2026-08-04,AMZ-2608-000528,GW-024,Parcel Select,4.19,0.00,10009,180
OSM,DEMO-0101,SHIP-2608-000132,2026-08-04,AMZ-2608-000532,GW-002,Parcel Select,15.08,0.00,10009,180
Pitney Bowes,DEMO-0101,SHIP-2608-000133,2026-08-04,AMZ-2608-000580,GW-014,USPS Ground Advantage,11.99,0.00,10009,180
Pitney Bowes,DEMO-0101,SHIP-2608-000134,2026-08-03,AMZ-2608-000587,GW-020,USPS Ground Advantage,14.55,0.00,10009,180
OSM,DEMO-0101,SHIP-2608-000135,2026-08-03,AMZ-2608-000636,GW-012,Parcel Select,13.15,0.00,10009,180
Pitney Bowes,DEMO-0101,SHIP-2608-000136,2026-08-03,CM-2608-000068,GW-005,USPS Ground Advantage,5.11,0.00,10009,180
OSM,DEMO-0101,SHIP-2608-000137,2026-08-04,CM-2608-000079,GW-024,Parcel Select,7.27,0.00,10009,180
OSM,DEMO-0101,SHIP-2608-000138,2026-08-04,CM-2608-000169,GW-001,Parcel Select,11.91,0.00,10009,180
Pitney Bowes,DEMO-0101,SHIP-2608-000139,2026-08-04,CM-2608-000256,GW-008,USPS Ground Advantage,11.72,0.00,10009,180
EasyPost,DEMO-0101,SHIP-2608-000140,2026-08-03,CM-2608-000263,GW-017,USPS Priority,12.56,0.00,10009,180
EasyPost,DEMO-0101,SHIP-2608-000141,2026-08-04,CM-2608-000282,GW-004,USPS Ground Advantage,4.26,0.00,10009,180
OSM,DEMO-0101,SHIP-2608-000142,2026-08-03,CM-2608-000283,GW-019,Parcel Select,5.74,0.00,10009,180
Pitney Bowes,DEMO-0101,SHIP-2608-000143,2026-08-04,CM-2608-000292,GW-005,USPS Ground Advantage,6.37,0.00,10009,180
OSM,DEMO-0101,SHIP-2608-000144,2026-08-04,CM-2608-000326,GW-004,Parcel Select,12.35,0.00,10009,180
OSM,DEMO-0101,SHIP-2608-000145,2026-08-03,CM-2608-000348,GW-023,Parcel Select,12.35,0.00,10009,180
EasyPost,DEMO-0101,SHIP-2608-000146,2026-08-04,CM-2608-000394,GW-021,USPS Ground Advantage,6.98,0.00,10009,180
Pitney Bowes,DEMO-0101,SHIP-2608-000147,2026-08-06,CM-2608-000454,GW-018,USPS Ground Advantage,12.48,0.00,10009,180
Pitney Bowes,DEMO-0101,SHIP-2608-000148,2026-08-06,CM-2608-000499,GW-004,USPS Ground Advantage,14.48,0.00,10009,180
EasyPost,DEMO-0101,SHIP-2608-000149,2026-08-03,EB-2608-000022,GW-009,USPS Priority,6.15,0.00,10009,180
EasyPost,DEMO-0101,SHIP-2608-000150,2026-08-04,EB-2608-000162,GW-020,USPS Ground Advantage,14.82,0.00,10009,180
OSM,DEMO-0101,SHIP-2608-000151,2026-08-03,EB-2608-000226,GW-004,Parcel Select,10.34,0.00,10009,180
EasyPost,DEMO-0101,SHIP-2608-000152,2026-08-05,EB-2608-000384,GW-010,USPS Priority,5.52,1.38,10009,180
OSM,DEMO-0101,SHIP-2608-000153,2026-08-03,EB-2608-000390,GW-004,Parcel Select,6.17,0.00,10009,180
OSM,DEMO-0101,SHIP-2608-000154,2026-08-05,EB-2608-000393,GW-023,Parcel Select,11.01,0.00,10009,180
OSM,DEMO-0101,SHIP-2608-000155,2026-08-04,EB-2608-000409,GW-024,Parcel Select,6.98,0.00,10009,180
Pitney Bowes,DEMO-0101,SHIP-2608-000156,2026-08-04,EB-2608-000425,GW-013,USPS Ground Advantage,7.04,0.00,10009,180
Pitney Bowes,DEMO-0101,SHIP-2608-000157,2026-08-04,EB-2608-000436,GW-008,USPS Ground Advantage,7.71,0.00,10009,180
EasyPost,DEMO-0101,SHIP-2608-000158,2026-08-05,EB-2608-000504,GW-017,USPS Ground Advantage,4.03,0.00,10009,180
OSM,DEMO-0101,SHIP-2608-000159,2026-08-03,EB-2608-000579,GW-011,Parcel Select,13.68,0.00,10009,180
OSM,DEMO-0101,SHIP-2608-000160,2026-08-04,EB-2608-000625,GW-014,Parcel Select,10.37,0.00,10009,180
OSM,DEMO-0101,SHIP-2608-000161,2026-08-04,EB-2608-000640,GW-021,Parcel Select,15.07,0.00,10009,180
EasyPost,DEMO-0101,SHIP-2608-000162,2026-08-03,EB-2608-000654,GW-017,USPS Ground Advantage,14.44,0.00,10009,180
OSM,DEMO-0101,SHIP-2608-000163,2026-08-03,EB-2608-000671,GW-024,Parcel Select,12.90,0.00,10009,180
OSM,DEMO-0101,SHIP-2608-000164,2026-08-04,EB-2608-000755,GW-010,Parcel Select,12.91,0.00,10009,180
OSM,DEMO-0101,SHIP-2608-000165,2026-08-03,EB-2608-000794,GW-002,Parcel Select,4.84,0.00,10009,180
Pitney Bowes,DEMO-0101,SHIP-2608-000166,2026-08-05,EB-2608-000850,GW-009,USPS Ground Advantage,9.33,0.00,10009,180
OSM,DEMO-0101,SHIP-2608-000167,2026-08-06,EB-2608-000877,GW-022,Parcel Select,10.44,0.00,10009,180
OSM,DEMO-0101,SHIP-2608-000168,2026-08-07,GWB-2608-000016,GW-020,Parcel Select,4.55,0.00,10009,180
OSM,DEMO-0101,SHIP-2608-000169,2026-08-06,GWB-2608-000089,GW-003,Parcel Select,9.70,0.00,10009,180
EasyPost,DEMO-0101,SHIP-2608-000170,2026-08-03,GWB-2608-000150,GW-004,USPS Priority,8.66,0.00,10009,180
OSM,DEMO-0101,SHIP-2608-000171,2026-08-04,GWB-2608-000152,GW-004,Parcel Select,7.70,0.00,10009,180
OSM,DEMO-0101,SHIP-2608-000172,2026-08-06,GWB-2608-000158,GW-006,Parcel Select,6.05,0.00,10009,180
Pitney Bowes,DEMO-0101,SHIP-2608-000173,2026-08-07,GWB-2608-000169,GW-023,USPS Ground Advantage,10.59,0.00,10009,180
OSM,DEMO-0101,SHIP-2608-000174,2026-08-03,GWB-2608-000196,GW-014,Parcel Select,14.58,0.00,10009,180
OSM,DEMO-0101,SHIP-2608-000175,2026-08-03,GWB-2608-000208,GW-004,Parcel Select,14.24,0.00,10009,180
OSM,DEMO-0101,SHIP-2608-000176,2026-08-04,GWB-2608-000241,GW-019,Parcel Select,8.83,0.00,10009,180
OSM,DEMO-0101,SHIP-2608-000177,2026-08-03,GWB-2608-000289,GW-008,Parcel Select,12.02,0.00,10009,180
OSM,DEMO-0101,SHIP-2608-000178,2026-08-05,GWB-2608-000334,GW-002,Parcel Select,14.52,0.00,10009,180
OSM,DEMO-0101,SHIP-2608-000179,2026-08-03,GWB-2608-000352,GW-024,Parcel Select,10.63,0.00,10009,180
Pitney Bowes,DEMO-0101,SHIP-2608-000180,2026-08-03,GWB-2608-000380,GW-008,USPS Ground Advantage,13.60,0.00,10009,180
EasyPost,DEMO-0101,SHIP-2608-000181,2026-08-04,GWB-2608-000399,GW-008,USPS Ground Advantage,4.73,0.00,10009,180
OSM,DEMO-0101,SHIP-2608-000182,2026-08-04,GWB-2608-000412,GW-004,Parcel Select,12.90,0.00,10009,180
OSM,DEMO-0101,SHIP-2608-000183,2026-08-07,GWB-2608-000432,GW-013,Parcel Select,15.00,0.00,10009,180
OSM,DEMO-0101,SHIP-2608-000184,2026-08-03,SGW-2608-000054,GW-005,Parcel Select,7.51,0.00,10009,180
EasyPost,DEMO-0101,SHIP-2608-000185,2026-08-03,SGW-2608-000058,GW-010,USPS Ground Advantage,15.07,0.00,10009,180
OSM,DEMO-0101,SHIP-2608-000186,2026-08-03,SGW-2608-000075,GW-020,Parcel Select,11.93,0.00,10009,180
OSM,DEMO-0101,SHIP-2608-000187,2026-08-07,SGW-2608-000087,GW-018,Parcel Select,3.68,-1.40,10009,180
OSM,DEMO-0101,SHIP-2608-000188,2026-08-05,SGW-2608-000097,GW-001,Parcel Select,9.27,0.00,10009,180
OSM,DEMO-0101,SHIP-2608-000189,2026-08-05,SGW-2608-000179,GW-018,Parcel Select,8.82,0.00,10009,180
Pitney Bowes,DEMO-0101,SHIP-2608-000190,2026-08-04,SGW-2608-000241,GW-020,USPS Ground Advantage,14.86,0.00,10009,180
EasyPost,DEMO-0101,SHIP-2608-000191,2026-08-05,SGW-2608-000267,GW-012,USPS Ground Advantage,9.96,0.00,10009,180
OSM,DEMO-0101,SHIP-2608-000192,2026-08-03,SGW-2608-000281,GW-006,Parcel Select,8.96,0.00,10009,180
OSM,DEMO-0101,SHIP-2608-000193,2026-08-03,SGW-2608-000291,GW-016,Parcel Select,3.96,0.00,10009,180
OSM,DEMO-0101,SHIP-2608-000194,2026-08-03,SGW-2608-000356,GW-012,Parcel Select,14.60,0.00,10009,180
Pitney Bowes,DEMO-0101,SHIP-2608-000195,2026-08-03,SGW-2608-000407,GW-020,USPS Ground Advantage,6.40,0.00,10009,180
Pitney Bowes,DEMO-0101,SHIP-2608-000196,2026-08-03,SGW-2608-000412,GW-011,USPS Ground Advantage,9.32,0.00,10009,180
Pitney Bowes,DEMO-0101,SHIP-2608-000197,2026-08-05,SGW-2608-000501,GW-013,USPS Ground Advantage,4.19,0.00,10009,180
EasyPost,DEMO-0101,SHIP-2608-000198,2026-08-03,SGW-2608-000511,GW-002,USPS Priority,11.33,0.00,10009,180
OSM,DEMO-0101,SHIP-2608-000199,2026-08-03,SGW-2608-000747,GW-009,Parcel Select,12.99,0.00,10009,180
OSM,DEMO-0101,SHIP-2608-000200,2026-08-06,SGW-2608-000765,GW-017,Parcel Select,10.12,0.00,10009,180
OSM,DEMO-0101,SHIP-2608-000201,2026-08-05,SGW-2608-000789,GW-008,Parcel Select,8.70,0.00,10009,180
Pitney Bowes,DEMO-0101,SHIP-2608-000202,2026-08-03,SGW-2608-000793,GW-005,USPS Ground Advantage,7.72,0.00,10009,180
Pitney Bowes,DEMO-0101,SHIP-2608-000203,2026-08-03,SGW-2608-000803,GW-020,USPS Ground Advantage,9.49,0.00,10009,180
Pitney Bowes,DEMO-0101,SHIP-2608-000204,2026-08-03,SGW-2608-000811,GW-012,USPS Ground Advantage,11.63,0.00,10009,180
OSM,DEMO-0101,SHIP-2608-000205,2026-08-03,SGW-2608-000837,GW-002,Parcel Select,13.57,0.00,10009,180
Pitney Bowes,DEMO-0101,SHIP-2608-000206,2026-08-05,SGW-2608-000878,GW-015,USPS Ground Advantage,10.97,0.00,10009,180
OSM,DEMO-0101,SHIP-2608-000207,2026-08-03,SGW-2608-000880,GW-012,Parcel Select,13.79,0.92,10009,180
OSM,DEMO-0101,SHIP-2608-000208,2026-08-04,SGW-2608-000900,GW-001,Parcel Select,13.90,0.00,10009,180
EasyPost,DEMO-0101,SHIP-2608-000209,2026-08-03,SGW-2608-000904,GW-012,USPS Ground Advantage,14.10,0.00,10009,180
Pitney Bowes,DEMO-0101,SHIP-2608-000210,2026-08-03,SGW-2608-000929,GW-020,USPS Ground Advantage,14.34,0.00,10009,180
OSM,DEMO-0101,SHIP-2608-000211,2026-08-04,SGW-2608-001017,GW-004,Parcel Select,9.67,0.00,10009,180
OSM,DEMO-0101,SHIP-2608-000212,2026-08-03,SGW-2608-001036,GW-020,Parcel Select,8.27,0.00,10009,180
OSM,DEMO-0101,SHIP-2608-000213,2026-08-03,SGW-2608-001038,GW-014,Parcel Select,10.25,0.00,10009,180
OSM,DEMO-0101,SHIP-2608-000214,2026-08-03,SGW-2608-001058,GW-018,Parcel Select,9.47,0.00,10009,180
EasyPost,DEMO-0101,SHIP-2608-000215,2026-08-03,SGW-2608-001126,GW-004,USPS Priority,11.03,0.00,10009,180
Pitney Bowes,DEMO-0101,SHIP-2608-000216,2026-08-04,SGW-2608-001181,GW-008,USPS Ground Advantage,5.31,0.17,10009,180
EasyPost,DEMO-0101,SHIP-2608-000217,2026-08-06,SGW-2608-001182,GW-006,USPS Ground Advantage,13.38,0.00,10009,180
OSM,DEMO-0101,SHIP-2608-000218,2026-08-03,SGW-2608-001209,GW-012,Parcel Select,8.48,0.00,10009,180
Pitney Bowes,DEMO-0101,SHIP-2608-000219,2026-08-03,SGW-2608-001231,GW-009,USPS Ground Advantage,9.90,0.00,10009,180
OSM,DEMO-0101,SHIP-2608-000220,2026-08-06,SGW-2608-001240,GW-016,Parcel Select,5.09,0.00,10009,180
OSM,DEMO-0101,SHIP-2608-000221,2026-08-06,SGW-2608-001244,GW-001,Parcel Select,6.05,0.00,10009,180
EasyPost,DEMO-0101,SHIP-2608-000222,2026-08-03,SGW-2608-001257,GW-014,USPS Ground Advantage,11.45,0.00,10009,180
OSM,DEMO-0101,SHIP-2608-000223,2026-08-04,SGW-2608-001258,GW-024,Parcel Select,13.49,0.00,10009,180
EasyPost,DEMO-0101,SHIP-2608-000224,2026-08-05,SGW-2608-001284,GW-002,USPS Ground Advantage,3.92,0.00,10009,180
OSM,DEMO-0101,SHIP-2608-000225,2026-08-04,SGW-2608-001389,GW-020,Parcel Select,13.08,0.00,10009,180
OSM,DEMO-0101,SHIP-2608-000226,2026-08-04,SGW-2608-001517,GW-004,Parcel Select,12.80,0.00,10009,180
Pitney Bowes,DEMO-0101,SHIP-2608-000227,2026-08-03,SGW-2608-001553,GW-018,USPS Ground Advantage,12.78,0.00,10009,180
OSM,DEMO-0101,SHIP-2608-000228,2026-08-05,SGW-2608-001562,GW-004,Parcel Select,11.08,0.00,10009,180
OSM,DEMO-0101,SHIP-2608-000229,2026-08-06,SGW-2608-001576,GW-015,Parcel Select,12.14,0.00,10009,180
OSM,DEMO-0101,SHIP-2608-000230,2026-08-04,SGW-2608-001584,GW-010,Parcel Select,4.46,-1.59,10009,180
Pitney Bowes,DEMO-0101,SHIP-2608-000231,2026-08-04,SGW-2608-001592,GW-007,USPS Ground Advantage,6.64,0.00,10009,180
OSM,DEMO-0101,SHIP-2608-000232,2026-08-04,SGW-2608-001611,GW-002,Parcel Select,14.43,0.00,10009,180
EasyPost,DEMO-0101,SHIP-2608-000233,2026-08-05,SGW-2608-001703,GW-017,USPS Ground Advantage,4.74,0.00,10009,180
EasyPost,DEMO-0101,SHIP-2608-000234,2026-08-04,SGW-2608-001712,GW-022,USPS Ground Advantage,11.90,0.00,10009,180
OSM,DEMO-0101,SHIP-2608-000235,2026-08-04,SGW-2608-001713,GW-009,Parcel Select,13.73,0.00,10009,180
OSM,DEMO-0101,SHIP-2608-000236,2026-08-03,SGW-2608-001727,GW-016,Parcel Select,15.22,0.00,10009,180
OSM,DEMO-0101,SHIP-2608-000237,2026-08-04,SGW-2608-001776,GW-012,Parcel Select,5.70,0.00,10009,180
EasyPost,DEMO-0101,SHIP-2608-000238,2026-08-03,SGW-2608-001792,GW-004,USPS Priority,10.90,0.00,10009,180
Pitney Bowes,DEMO-0101,SHIP-2608-000239,2026-08-04,UP-2608-000042,GW-014,USPS Ground Advantage,14.12,0.00,10009,180
OSM,DEMO-0101,SHIP-2608-000240,2026-08-03,UP-2608-000045,GW-008,Parcel Select,7.66,-1.63,10009,180
OSM,DEMO-0101,SHIP-2608-000241,2026-08-03,UP-2608-000070,GW-018,Parcel Select,14.97,0.00,10009,180
OSM,DEMO-0101,SHIP-2608-000242,2026-08-06,UP-2608-000121,GW-004,Parcel Select,3.63,0.00,10009,180
OSM,DEMO-0101,SHIP-2608-000243,2026-08-03,UP-2608-000163,GW-023,Parcel Select,14.25,0.00,10009,180
Pitney Bowes,DEMO-0101,SHIP-2608-000244,2026-08-05,UP-2608-000176,GW-016,USPS Ground Advantage,7.27,0.00,10009,180
OSM,DEMO-0101,SHIP-2608-000245,2026-08-06,UP-2608-000205,GW-020,Parcel Select,7.06,-1.54,10009,180
OSM,DEMO-0101,SHIP-2608-000246,2026-08-03,UP-2608-000266,GW-015,Parcel Select,13.70,0.00,10009,180
Pitney Bowes,DEMO-0101,SHIP-2608-000247,2026-08-03,UP-2608-000287,GW-001,USPS Ground Advantage,9.48,0.00,10009,180
EasyPost,DEMO-0101,SHIP-2608-000248,2026-08-03,UP-2608-000311,GW-023,USPS Ground Advantage,8.69,0.00,10009,180
EasyPost,DEMO-0101,SHIP-2608-000249,2026-08-03,UP-2608-000328,GW-006,USPS Ground Advantage,8.18,0.00,10009,180
Pitney Bowes,DEMO-0101,SHIP-2608-000250,2026-08-03,UP-2608-000399,GW-004,USPS Ground Advantage,7.90,0.00,10009,180
Pitney Bowes,DEMO-0101,SHIP-2608-000251,2026-08-06,UP-2608-000422,GW-021,USPS Ground Advantage,12.15,0.00,10009,180
EasyPost,DEMO-0101,SHIP-2608-000252,2026-08-03,UP-2608-000449,GW-011,USPS Ground Advantage,8.06,1.91,10009,180
OSM,DEMO-0101,SHIP-2608-000253,2026-08-04,UP-2608-000480,GW-006,Parcel Select,10.85,0.00,10009,180
Pitney Bowes,DEMO-0101,SHIP-2608-000254,2026-08-04,UP-2608-000486,GW-006,USPS Ground Advantage,8.92,0.00,10009,180
EasyPost,DEMO-0101,SHIP-2608-000255,2026-08-03,UP-2608-000520,GW-017,USPS Priority,10.46,0.00,10009,180
OSM,DEMO-0101,SHIP-2608-000256,2026-08-03,UP-2608-000522,GW-001,Parcel Select,7.70,0.00,10009,180
Pitney Bowes,DEMO-0101,SHIP-2608-000257,2026-08-05,UP-2608-000536,GW-003,USPS Ground Advantage,13.31,0.00,10009,180
OSM,DEMO-0101,SHIP-2608-000258,2026-08-03,UP-2608-000569,GW-004,Parcel Select,5.90,0.00,10009,180
EasyPost,DEMO-0101,SHIP-2608-000259,2026-08-05,UP-2608-000593,GW-011,USPS Priority,4.15,0.00,10009,180
Pitney Bowes,DEMO-0101,SHIP-2608-000260,2026-08-03,UP-2608-000601,GW-013,USPS Ground Advantage,9.38,0.00,10009,180
OSM,DEMO-0101,SHIP-2608-000261,2026-08-03,UP-2608-000638,GW-024,Parcel Select,4.94,0.00,10009,180
EasyPost,DEMO-0101,SHIP-2608-000262,2026-08-05,AMZ-2608-000039,GW-022,USPS Ground Advantage,12.90,0.00,10009,180
OSM,DEMO-0101,SHIP-2608-000263,2026-08-05,AMZ-2608-000050,GW-011,Parcel Select,14.06,0.00,10009,180
Pitney Bowes,DEMO-0101,SHIP-2608-000264,2026-08-04,AMZ-2608-000058,GW-017,USPS Ground Advantage,15.02,-1.58,10009,180
OSM,DEMO-0101,SHIP-2608-000265,2026-08-06,AMZ-2608-000167,GW-005,Parcel Select,12.55,0.00,10009,180
OSM,DEMO-0101,SHIP-2608-000266,2026-08-04,AMZ-2608-000233,GW-020,Parcel Select,12.09,0.00,10009,180
Pitney Bowes,DEMO-0101,SHIP-2608-000267,2026-08-04,AMZ-2608-000339,GW-007,USPS Ground Advantage,11.83,0.00,10009,180
OSM,DEMO-0101,SHIP-2608-000268,2026-08-07,AMZ-2608-000369,GW-012,Parcel Select,14.86,0.00,10009,180
Pitney Bowes,DEMO-0101,SHIP-2608-000269,2026-08-05,AMZ-2608-000403,GW-003,USPS Ground Advantage,7.45,2.52,10009,180
Pitney Bowes,DEMO-0101,SHIP-2608-000270,2026-08-05,AMZ-2608-000414,GW-001,USPS Ground Advantage,9.86,0.00,10009,180
Pitney Bowes,DEMO-0101,SHIP-2608-000271,2026-08-04,AMZ-2608-000456,GW-013,USPS Ground Advantage,7.49,0.00,10009,180
Pitney Bowes,DEMO-0101,SHIP-2608-000272,2026-08-05,AMZ-2608-000474,GW-001,USPS Ground Advantage,8.90,0.00,10009,180
OSM,DEMO-0101,SHIP-2608-000273,2026-08-04,AMZ-2608-000517,GW-017,Parcel Select,13.22,0.00,10009,180
OSM,DEMO-0101,SHIP-2608-000274,2026-08-05,AMZ-2608-000566,GW-010,Parcel Select,14.74,0.00,10009,180
OSM,DEMO-0101,SHIP-2608-000275,2026-08-05,AMZ-2608-000599,GW-004,Parcel Select,4.38,0.00,10009,180
OSM,DEMO-0101,SHIP-2608-000276,2026-08-04,AMZ-2608-000638,GW-017,Parcel Select,12.53,0.00,10009,180
Pitney Bowes,DEMO-0101,SHIP-2608-000277,2026-08-07,CM-2608-000048,GW-015,USPS Ground Advantage,6.11,0.00,10009,180
Pitney Bowes,DEMO-0101,SHIP-2608-000278,2026-08-04,CM-2608-000063,GW-021,USPS Ground Advantage,9.00,0.00,10009,180
OSM,DEMO-0101,SHIP-2608-000279,2026-08-05,CM-2608-000182,GW-024,Parcel Select,14.91,0.00,10009,180
OSM,DEMO-0101,SHIP-2608-000280,2026-08-05,CM-2608-000281,GW-001,Parcel Select,5.01,0.00,10009,180
OSM,DEMO-0101,SHIP-2608-000281,2026-08-04,CM-2608-000342,GW-015,Parcel Select,3.92,0.00,10009,180
OSM,DEMO-0101,SHIP-2608-000282,2026-08-05,CM-2608-000372,GW-008,Parcel Select,4.71,0.00,10009,180
Pitney Bowes,DEMO-0101,SHIP-2608-000283,2026-08-06,CM-2608-000389,GW-021,USPS Ground Advantage,14.07,0.00,10009,180
Pitney Bowes,DEMO-0101,SHIP-2608-000284,2026-08-05,EB-2608-000064,GW-023,USPS Ground Advantage,9.32,0.00,10009,180
OSM,DEMO-0101,SHIP-2608-000285,2026-08-07,EB-2608-000220,GW-001,Parcel Select,13.34,0.00,10009,180
Pitney Bowes,DEMO-0101,SHIP-2608-000286,2026-08-06,EB-2608-000259,GW-013,USPS Ground Advantage,6.18,0.00,10009,180
EasyPost,DEMO-0101,SHIP-2608-000287,2026-08-04,EB-2608-000299,GW-002,USPS Ground Advantage,15.05,0.00,10009,180
Pitney Bowes,DEMO-0101,SHIP-2608-000288,2026-08-04,EB-2608-000359,GW-017,USPS Ground Advantage,3.69,0.00,10009,180
Pitney Bowes,DEMO-0101,SHIP-2608-000289,2026-08-06,EB-2608-000507,GW-003,USPS Ground Advantage,14.86,0.00,10009,180
Pitney Bowes,DEMO-0101,SHIP-2608-000290,2026-08-04,EB-2608-000611,GW-016,USPS Ground Advantage,12.15,0.00,10009,180
OSM,DEMO-0101,SHIP-2608-000291,2026-08-04,EB-2608-000656,GW-021,Parcel Select,4.24,-0.27,10009,180
EasyPost,DEMO-0101,SHIP-2608-000292,2026-08-04,EB-2608-000691,GW-010,USPS Priority,6.54,0.00,10009,180
EasyPost,DEMO-0101,SHIP-2608-000293,2026-08-04,EB-2608-000849,GW-002,USPS Ground Advantage,6.48,0.00,10009,180
OSM,DEMO-0101,SHIP-2608-000294,2026-08-04,EB-2608-000866,GW-020,Parcel Select,14.09,0.00,10009,180
OSM,DEMO-0101,SHIP-2608-000295,2026-08-04,EB-2608-000893,GW-004,Parcel Select,13.18,0.00,10009,180
EasyPost,DEMO-0101,SHIP-2608-000296,2026-08-05,GWB-2608-000001,GW-002,USPS Ground Advantage,6.14,0.00,10009,180
Pitney Bowes,DEMO-0101,SHIP-2608-000297,2026-08-05,GWB-2608-000133,GW-019,USPS Ground Advantage,12.13,0.00,10009,180
OSM,DEMO-0101,SHIP-2608-000298,2026-08-07,GWB-2608-000145,GW-015,Parcel Select,8.57,-1.65,10009,180
OSM,DEMO-0101,SHIP-2608-000299,2026-08-04,GWB-2608-000198,GW-004,Parcel Select,3.65,0.00,10009,180
EasyPost,DEMO-0101,SHIP-2608-000300,2026-08-04,GWB-2608-000226,GW-016,USPS Ground Advantage,4.06,0.00,10009,180
OSM,DEMO-0101,SHIP-2608-000301,2026-08-04,GWB-2608-000250,GW-008,Parcel Select,13.38,0.00,10009,180
Pitney Bowes,DEMO-0101,SHIP-2608-000302,2026-08-04,GWB-2608-000313,GW-018,USPS Ground Advantage,6.77,0.00,10009,180
Pitney Bowes,DEMO-0101,SHIP-2608-000303,2026-08-10,GWB-2608-000320,GW-006,USPS Ground Advantage,10.93,0.00,10009,180
Pitney Bowes,DEMO-0101,SHIP-2608-000304,2026-08-04,GWB-2608-000377,GW-008,USPS Ground Advantage,10.24,0.00,10009,180
OSM,DEMO-0101,SHIP-2608-000305,2026-08-05,GWB-2608-000447,GW-020,Parcel Select,4.90,0.00,10009,180
Pitney Bowes,DEMO-0101,SHIP-2608-000306,2026-08-04,SGW-2608-000045,GW-017,USPS Ground Advantage,5.88,0.43,10009,180
OSM,DEMO-0101,SHIP-2608-000307,2026-08-07,SGW-2608-000050,GW-015,Parcel Select,7.43,0.00,10009,180
EasyPost,DEMO-0101,SHIP-2608-000308,2026-08-06,SGW-2608-000077,GW-002,USPS Ground Advantage,9.56,0.00,10009,180
OSM,DEMO-0101,SHIP-2608-000309,2026-08-04,SGW-2608-000079,GW-024,Parcel Select,4.69,0.00,10009,180
Pitney Bowes,DEMO-0101,SHIP-2608-000310,2026-08-05,SGW-2608-000152,GW-005,USPS Ground Advantage,11.91,0.00,10009,180
OSM,DEMO-0101,SHIP-2608-000311,2026-08-04,SGW-2608-000164,GW-003,Parcel Select,8.03,0.00,10009,180
OSM,DEMO-0101,SHIP-2608-000312,2026-08-05,SGW-2608-000205,GW-008,Parcel Select,10.20,0.00,10009,180
Pitney Bowes,DEMO-0101,SHIP-2608-000313,2026-08-07,SGW-2608-000233,GW-015,USPS Ground Advantage,4.73,0.00,10009,180
Pitney Bowes,DEMO-0101,SHIP-2608-000314,2026-08-04,SGW-2608-000300,GW-014,USPS Ground Advantage,3.97,0.00,10009,180
Pitney Bowes,DEMO-0101,SHIP-2608-000315,2026-08-10,SGW-2608-000394,GW-009,USPS Ground Advantage,9.29,0.00,10009,180
Pitney Bowes,DEMO-0101,SHIP-2608-000316,2026-08-06,SGW-2608-000440,GW-008,USPS Ground Advantage,14.60,0.00,10009,180
OSM,DEMO-0101,SHIP-2608-000317,2026-08-05,SGW-2608-000500,GW-016,Parcel Select,9.40,0.00,10009,180
OSM,DEMO-0101,SHIP-2608-000318,2026-08-07,SGW-2608-000504,GW-004,Parcel Select,8.02,0.00,10009,180
OSM,DEMO-0101,SHIP-2608-000319,2026-08-04,SGW-2608-000507,GW-021,Parcel Select,9.14,0.00,10009,180
EasyPost,DEMO-0101,SHIP-2608-000320,2026-08-04,SGW-2608-000517,GW-022,USPS Priority,15.03,0.00,10009,180
Pitney Bowes,DEMO-0101,SHIP-2608-000321,2026-08-06,SGW-2608-000598,GW-006,USPS Ground Advantage,4.42,0.00,10009,180
EasyPost,DEMO-0101,SHIP-2608-000322,2026-08-05,SGW-2608-000607,GW-015,USPS Priority,13.58,0.00,10009,180
OSM,DEMO-0101,SHIP-2608-000323,2026-08-05,SGW-2608-000645,GW-011,Parcel Select,12.47,0.00,10009,180
OSM,DEMO-0101,SHIP-2608-000324,2026-08-04,SGW-2608-000783,GW-001,Parcel Select,14.72,0.00,10009,180
OSM,DEMO-0101,SHIP-2608-000325,2026-08-06,SGW-2608-000823,GW-012,Parcel Select,13.65,0.00,10009,180
OSM,DEMO-0101,SHIP-2608-000326,2026-08-04,SGW-2608-000925,GW-018,Parcel Select,8.92,0.00,10009,180
OSM,DEMO-0101,SHIP-2608-000327,2026-08-05,SGW-2608-001002,GW-022,Parcel Select,7.16,0.00,10009,180
EasyPost,DEMO-0101,SHIP-2608-000328,2026-08-05,SGW-2608-001026,GW-019,USPS Ground Advantage,8.64,0.00,10009,180
Pitney Bowes,DEMO-0101,SHIP-2608-000329,2026-08-05,SGW-2608-001042,GW-004,USPS Ground Advantage,9.69,0.00,10009,180
OSM,DEMO-0101,SHIP-2608-000330,2026-08-05,SGW-2608-001125,GW-012,Parcel Select,6.69,0.21,10009,180
Pitney Bowes,DEMO-0101,SHIP-2608-000331,2026-08-04,SGW-2608-001129,GW-001,USPS Ground Advantage,12.68,0.00,10009,180
OSM,DEMO-0101,SHIP-2608-000332,2026-08-06,SGW-2608-001151,GW-011,Parcel Select,13.37,0.00,10009,180
EasyPost,DEMO-0101,SHIP-2608-000333,2026-08-06,SGW-2608-001178,GW-004,USPS Priority,12.40,0.00,10009,180
EasyPost,DEMO-0101,SHIP-2608-000334,2026-08-04,SGW-2608-001360,GW-004,USPS Priority,11.33,0.00,10009,180
OSM,DEMO-0101,SHIP-2608-000335,2026-08-06,SGW-2608-001377,GW-017,Parcel Select,13.44,0.00,10009,180
Pitney Bowes,DEMO-0101,SHIP-2608-000336,2026-08-04,SGW-2608-001386,GW-009,USPS Ground Advantage,3.90,0.00,10009,180
OSM,DEMO-0101,SHIP-2608-000337,2026-08-04,SGW-2608-001398,GW-007,Parcel Select,6.75,0.00,10009,180
OSM,DEMO-0101,SHIP-2608-000338,2026-08-06,SGW-2608-001435,GW-009,Parcel Select,8.66,0.00,10009,180
OSM,DEMO-0101,SHIP-2608-000339,2026-08-05,SGW-2608-001442,GW-014,Parcel Select,13.28,0.00,10009,180
EasyPost,DEMO-0101,SHIP-2608-000340,2026-08-04,SGW-2608-001579,GW-004,USPS Ground Advantage,11.21,0.00,10009,180
OSM,DEMO-0101,SHIP-2608-000341,2026-08-05,SGW-2608-001593,GW-002,Parcel Select,13.75,0.00,10009,180
Pitney Bowes,DEMO-0101,SHIP-2608-000342,2026-08-04,SGW-2608-001601,GW-020,USPS Ground Advantage,3.71,0.01,10009,180
OSM,DEMO-0101,SHIP-2608-000343,2026-08-05,SGW-2608-001606,GW-020,Parcel Select,6.12,0.00,10009,180
Pitney Bowes,DEMO-0101,SHIP-2608-000344,2026-08-07,SGW-2608-001625,GW-021,USPS Ground Advantage,3.78,0.66,10009,180
OSM,DEMO-0101,SHIP-2608-000345,2026-08-05,SGW-2608-001641,GW-009,Parcel Select,10.53,0.00,10009,180
Pitney Bowes,DEMO-0101,SHIP-2608-000346,2026-08-04,SGW-2608-001718,GW-019,USPS Ground Advantage,9.78,0.00,10009,180
OSM,DEMO-0101,SHIP-2608-000347,2026-08-04,SGW-2608-001755,GW-009,Parcel Select,9.17,0.00,10009,180
OSM,DEMO-0101,SHIP-2608-000348,2026-08-04,UP-2608-000026,GW-012,Parcel Select,6.70,0.00,10009,180
EasyPost,DEMO-0101,SHIP-2608-000349,2026-08-04,UP-2608-000039,GW-020,USPS Ground Advantage,5.02,0.00,10009,180
OSM,DEMO-0101,SHIP-2608-000350,2026-08-05,UP-2608-000132,GW-018,Parcel Select,11.86,0.00,10009,180
OSM,DEMO-0101,SHIP-2608-000351,2026-08-04,UP-2608-000136,GW-008,Parcel Select,9.50,0.00,10009,180
Pitney Bowes,DEMO-0101,SHIP-2608-000352,2026-08-04,UP-2608-000167,GW-014,USPS Ground Advantage,10.36,0.00,10009,180
Pitney Bowes,DEMO-0101,SHIP-2608-000353,2026-08-06,UP-2608-000330,GW-006,USPS Ground Advantage,9.89,0.00,10009,180
Pitney Bowes,DEMO-0101,SHIP-2608-000354,2026-08-05,UP-2608-000337,GW-004,USPS Ground Advantage,15.12,0.00,10009,180
OSM,DEMO-0101,SHIP-2608-000355,2026-08-05,UP-2608-000408,GW-012,Parcel Select,14.11,0.00,10009,180
OSM,DEMO-0101,SHIP-2608-000356,2026-08-06,UP-2608-000410,GW-004,Parcel Select,14.65,0.00,10009,180
Pitney Bowes,DEMO-0101,SHIP-2608-000357,2026-08-05,UP-2608-000567,GW-018,USPS Ground Advantage,10.66,0.00,10009,180
Pitney Bowes,DEMO-0101,SHIP-2608-000358,2026-08-04,UP-2608-000581,GW-023,USPS Ground Advantage,7.55,0.00,10009,180
Pitney Bowes,DEMO-0101,SHIP-2608-000359,2026-08-05,UP-2608-000599,GW-008,USPS Ground Advantage,13.77,-0.25,10009,180
OSM,DEMO-0101,SHIP-2608-000360,2026-08-06,UP-2608-000615,GW-012,Parcel Select,6.59,0.00,10009,180
OSM,DEMO-0101,SHIP-2608-000361,2026-08-05,AMZ-2608-000076,GW-007,Parcel Select,12.55,0.00,10009,180
EasyPost,DEMO-0101,SHIP-2608-000362,2026-08-06,AMZ-2608-000133,GW-013,USPS Ground Advantage,8.83,0.00,10009,180
OSM,DEMO-0101,SHIP-2608-000363,2026-08-05,AMZ-2608-000203,GW-009,Parcel Select,4.58,0.00,10009,180
OSM,DEMO-0101,SHIP-2608-000364,2026-08-05,AMZ-2608-000377,GW-009,Parcel Select,9.60,0.00,10009,180
Pitney Bowes,DEMO-0101,SHIP-2608-000365,2026-08-07,AMZ-2608-000438,GW-015,USPS Ground Advantage,7.60,0.00,10009,180
OSM,DEMO-0101,SHIP-2608-000366,2026-08-07,AMZ-2608-000454,GW-002,Parcel Select,6.67,0.00,10009,180
OSM,DEMO-0101,SHIP-2608-000367,2026-08-06,AMZ-2608-000616,GW-017,Parcel Select,12.49,0.00,10009,180
EasyPost,DEMO-0101,SHIP-2608-000368,2026-08-06,CM-2608-000006,GW-018,USPS Priority,10.16,0.00,10009,180
Pitney Bowes,DEMO-0101,SHIP-2608-000369,2026-08-05,CM-2608-000040,GW-020,USPS Ground Advantage,10.19,0.00,10009,180
Pitney Bowes,DEMO-0101,SHIP-2608-000370,2026-08-05,CM-2608-000116,GW-018,USPS Ground Advantage,8.01,0.00,10009,180
OSM,DEMO-0101,SHIP-2608-000371,2026-08-05,CM-2608-000239,GW-021,Parcel Select,12.56,0.00,10009,180
EasyPost,DEMO-0101,SHIP-2608-000372,2026-08-06,CM-2608-000368,GW-022,USPS Priority,13.60,0.00,10009,180
EasyPost,DEMO-0101,SHIP-2608-000373,2026-08-06,CM-2608-000385,GW-022,USPS Priority,11.03,0.00,10009,180
OSM,DEMO-0101,SHIP-2608-000374,2026-08-05,CM-2608-000419,GW-001,Parcel Select,4.07,0.00,10009,180
Pitney Bowes,DEMO-0101,SHIP-2608-000375,2026-08-10,CM-2608-000422,GW-017,USPS Ground Advantage,6.77,0.00,10009,180
EasyPost,DEMO-0101,SHIP-2608-000376,2026-08-06,CM-2608-000474,GW-012,USPS Priority,7.84,-1.13,10009,180
OSM,DEMO-0101,SHIP-2608-000377,2026-08-06,CM-2608-000493,GW-014,Parcel Select,11.63,0.00,10009,180
OSM,DEMO-0101,SHIP-2608-000378,2026-08-05,EB-2608-000014,GW-018,Parcel Select,9.17,0.00,10009,180
OSM,DEMO-0101,SHIP-2608-000379,2026-08-06,EB-2608-000056,GW-002,Parcel Select,13.66,0.00,10009,180
OSM,DEMO-0101,SHIP-2608-000380,2026-08-06,EB-2608-000087,GW-007,Parcel Select,6.80,0.00,10009,180
OSM,DEMO-0101,SHIP-2608-000381,2026-08-05,EB-2608-000098,GW-007,Parcel Select,5.19,0.00,10009,180
OSM,DEMO-0101,SHIP-2608-000382,2026-08-05,EB-2608-000147,GW-006,Parcel Select,14.95,0.00,10009,180
EasyPost,DEMO-0101,SHIP-2608-000383,2026-08-07,EB-2608-000181,GW-004,USPS Priority,13.60,0.00,10009,180
OSM,DEMO-0101,SHIP-2608-000384,2026-08-06,EB-2608-000216,GW-005,Parcel Select,6.42,0.00,10009,180
OSM,DEMO-0101,SHIP-2608-000385,2026-08-07,EB-2608-000274,GW-019,Parcel Select,5.52,0.00,10009,180
OSM,DEMO-0101,SHIP-2608-000386,2026-08-05,EB-2608-000322,GW-002,Parcel Select,14.33,0.00,10009,180
EasyPost,DEMO-0101,SHIP-2608-000387,2026-08-07,EB-2608-000328,GW-020,USPS Ground Advantage,14.01,0.00,10009,180
EasyPost,DEMO-0101,SHIP-2608-000388,2026-08-10,EB-2608-000363,GW-008,USPS Priority,12.87,0.00,10009,180
Pitney Bowes,DEMO-0101,SHIP-2608-000389,2026-08-10,EB-2608-000371,GW-012,USPS Ground Advantage,6.65,0.00,10009,180
Pitney Bowes,DEMO-0101,SHIP-2608-000390,2026-08-05,EB-2608-000464,GW-005,USPS Ground Advantage,11.77,0.00,10009,180
OSM,DEMO-0101,SHIP-2608-000391,2026-08-06,EB-2608-000569,GW-011,Parcel Select,6.00,0.00,10009,180
Pitney Bowes,DEMO-0101,SHIP-2608-000392,2026-08-06,EB-2608-000673,GW-016,USPS Ground Advantage,7.09,0.00,10009,180
EasyPost,DEMO-0101,SHIP-2608-000393,2026-08-07,EB-2608-000766,GW-006,USPS Priority,6.22,0.00,10009,180
OSM,DEMO-0101,SHIP-2608-000394,2026-08-06,EB-2608-000828,GW-009,Parcel Select,7.95,0.00,10009,180
EasyPost,DEMO-0101,SHIP-2608-000395,2026-08-05,EB-2608-000890,GW-020,USPS Priority,13.94,1.32,10009,180
Pitney Bowes,DEMO-0101,SHIP-2608-000396,2026-08-06,EB-2608-000891,GW-007,USPS Ground Advantage,6.91,0.00,10009,180
OSM,DEMO-0101,SHIP-2608-000397,2026-08-05,GWB-2608-000017,GW-007,Parcel Select,14.81,0.00,10009,180
Pitney Bowes,DEMO-0101,SHIP-2608-000398,2026-08-05,GWB-2608-000019,GW-002,USPS Ground Advantage,8.70,0.00,10009,180
Pitney Bowes,DEMO-0101,SHIP-2608-000399,2026-08-10,GWB-2608-000100,GW-018,USPS Ground Advantage,6.80,0.00,10009,180
OSM,DEMO-0101,SHIP-2608-000400,2026-08-06,GWB-2608-000104,GW-014,Parcel Select,7.38,0.00,10009,180
OSM,DEMO-0101,SHIP-2608-000401,2026-08-05,GWB-2608-000121,GW-006,Parcel Select,4.27,0.00,10009,180
OSM,DEMO-0101,SHIP-2608-000402,2026-08-05,GWB-2608-000223,GW-022,Parcel Select,12.38,0.00,10009,180
OSM,DEMO-0101,SHIP-2608-000403,2026-08-06,GWB-2608-000333,GW-001,Parcel Select,5.39,0.00,10009,180
OSM,DEMO-0101,SHIP-2608-000404,2026-08-05,GWB-2608-000370,GW-017,Parcel Select,11.59,0.00,10009,180
EasyPost,DEMO-0101,SHIP-2608-000405,2026-08-07,SGW-2608-000088,GW-017,USPS Priority,7.12,0.00,10009,180
OSM,DEMO-0101,SHIP-2608-000406,2026-08-05,SGW-2608-000138,GW-024,Parcel Select,5.66,0.00,10009,180
OSM,DEMO-0101,SHIP-2608-000407,2026-08-06,SGW-2608-000156,GW-019,Parcel Select,12.09,0.00,10009,180
OSM,DEMO-0101,SHIP-2608-000408,2026-08-05,SGW-2608-000199,GW-010,Parcel Select,15.14,0.00,10009,180
OSM,DEMO-0101,SHIP-2608-000409,2026-08-05,SGW-2608-000297,GW-008,Parcel Select,9.15,0.00,10009,180
EasyPost,DEMO-0101,SHIP-2608-000410,2026-08-05,SGW-2608-000339,GW-015,USPS Priority,9.41,-1.87,10009,180
Pitney Bowes,DEMO-0101,SHIP-2608-000411,2026-08-06,SGW-2608-000368,GW-013,USPS Ground Advantage,14.09,0.00,10009,180
Pitney Bowes,DEMO-0101,SHIP-2608-000412,2026-08-06,SGW-2608-000373,GW-014,USPS Ground Advantage,11.82,0.00,10009,180
OSM,DEMO-0101,SHIP-2608-000413,2026-08-06,SGW-2608-000380,GW-021,Parcel Select,9.64,0.00,10009,180
OSM,DEMO-0101,SHIP-2608-000414,2026-08-05,SGW-2608-000401,GW-012,Parcel Select,6.71,0.00,10009,180
EasyPost,DEMO-0101,SHIP-2608-000415,2026-08-05,SGW-2608-000432,GW-017,USPS Priority,4.81,0.00,10009,180
OSM,DEMO-0101,SHIP-2608-000416,2026-08-10,SGW-2608-000458,GW-017,Parcel Select,8.93,0.00,10009,180
OSM,DEMO-0101,SHIP-2608-000417,2026-08-07,SGW-2608-000463,GW-011,Parcel Select,4.21,0.00,10009,180
EasyPost,DEMO-0101,SHIP-2608-000418,2026-08-05,SGW-2608-000483,GW-012,USPS Ground Advantage,13.60,0.00,10009,180
OSM,DEMO-0101,SHIP-2608-000419,2026-08-06,SGW-2608-000502,GW-024,Parcel Select,12.70,0.00,10009,180
Pitney Bowes,DEMO-0101,SHIP-2608-000420,2026-08-06,SGW-2608-000506,GW-008,USPS Ground Advantage,12.08,0.00,10009,180
OSM,DEMO-0101,SHIP-2608-000421,2026-08-05,SGW-2608-000523,GW-009,Parcel Select,12.70,0.00,10009,180
OSM,DEMO-0101,SHIP-2608-000422,2026-08-05,SGW-2608-000551,GW-001,Parcel Select,5.21,0.00,10009,180
OSM,DEMO-0101,SHIP-2608-000423,2026-08-05,SGW-2608-000606,GW-021,Parcel Select,6.64,-1.98,10009,180
Pitney Bowes,DEMO-0101,SHIP-2608-000424,2026-08-05,SGW-2608-000621,GW-006,USPS Ground Advantage,5.36,0.00,10009,180
EasyPost,DEMO-0101,SHIP-2608-000425,2026-08-10,SGW-2608-000623,GW-009,USPS Priority,11.25,0.00,10009,180
OSM,DEMO-0101,SHIP-2608-000426,2026-08-07,SGW-2608-000671,GW-017,Parcel Select,12.45,0.00,10009,180
OSM,DEMO-0101,SHIP-2608-000427,2026-08-06,SGW-2608-000733,GW-024,Parcel Select,10.60,0.00,10009,180
OSM,DEMO-0101,SHIP-2608-000428,2026-08-05,SGW-2608-000743,GW-020,Parcel Select,12.51,0.00,10009,180
EasyPost,DEMO-0101,SHIP-2608-000429,2026-08-06,SGW-2608-000851,GW-004,USPS Priority,14.86,0.00,10009,180
Pitney Bowes,DEMO-0101,SHIP-2608-000430,2026-08-06,SGW-2608-000895,GW-024,USPS Ground Advantage,6.05,0.00,10009,180
EasyPost,DEMO-0101,SHIP-2608-000431,2026-08-07,SGW-2608-000906,GW-001,USPS Priority,12.06,0.00,10009,180
EasyPost,DEMO-0101,SHIP-2608-000432,2026-08-07,SGW-2608-000942,GW-019,USPS Ground Advantage,8.83,0.00,10009,180
OSM,DEMO-0101,SHIP-2608-000433,2026-08-05,SGW-2608-000952,GW-012,Parcel Select,4.52,0.00,10009,180
Pitney Bowes,DEMO-0101,SHIP-2608-000434,2026-08-05,SGW-2608-001040,GW-002,USPS Ground Advantage,13.73,0.00,10009,180
EasyPost,DEMO-0101,SHIP-2608-000435,2026-08-07,SGW-2608-001116,GW-005,USPS Ground Advantage,4.52,0.00,10009,180
OSM,DEMO-0101,SHIP-2608-000436,2026-08-05,SGW-2608-001134,GW-021,Parcel Select,8.62,0.00,10009,180
OSM,DEMO-0101,SHIP-2608-000437,2026-08-05,SGW-2608-001136,GW-024,Parcel Select,5.79,0.00,10009,180
OSM,DEMO-0101,SHIP-2608-000438,2026-08-05,SGW-2608-001157,GW-011,Parcel Select,6.06,0.00,10009,180
OSM,DEMO-0101,SHIP-2608-000439,2026-08-07,SGW-2608-001179,GW-015,Parcel Select,7.55,0.00,10009,180
EasyPost,DEMO-0101,SHIP-2608-000440,2026-08-05,SGW-2608-001190,GW-007,USPS Priority,12.26,0.00,10009,180
OSM,DEMO-0101,SHIP-2608-000441,2026-08-07,SGW-2608-001193,GW-003,Parcel Select,10.51,0.00,10009,180
Pitney Bowes,DEMO-0101,SHIP-2608-000442,2026-08-05,SGW-2608-001220,GW-022,USPS Ground Advantage,5.61,0.00,10009,180
OSM,DEMO-0101,SHIP-2608-000443,2026-08-05,SGW-2608-001246,GW-004,Parcel Select,11.87,0.00,10009,180
EasyPost,DEMO-0101,SHIP-2608-000444,2026-08-06,SGW-2608-001247,GW-024,USPS Ground Advantage,5.72,0.00,10009,180
OSM,DEMO-0101,SHIP-2608-000445,2026-08-05,SGW-2608-001299,GW-002,Parcel Select,5.69,0.00,10009,180
EasyPost,DEMO-0101,SHIP-2608-000446,2026-08-05,SGW-2608-001367,GW-004,USPS Ground Advantage,7.88,0.00,10009,180
OSM,DEMO-0101,SHIP-2608-000447,2026-08-05,SGW-2608-001374,GW-022,Parcel Select,14.08,0.00,10009,180
EasyPost,DEMO-0101,SHIP-2608-000448,2026-08-05,SGW-2608-001445,GW-005,USPS Ground Advantage,14.99,0.00,10009,180
EasyPost,DEMO-0101,SHIP-2608-000449,2026-08-06,SGW-2608-001485,GW-004,USPS Ground Advantage,10.04,0.00,10009,180
OSM,DEMO-0101,SHIP-2608-000450,2026-08-05,SGW-2608-001509,GW-002,Parcel Select,13.70,0.00,10009,180
Pitney Bowes,DEMO-0101,SHIP-2608-000451,2026-08-05,SGW-2608-001563,GW-009,USPS Ground Advantage,13.46,0.00,10009,180
Pitney Bowes,DEMO-0101,SHIP-2608-000452,2026-08-05,SGW-2608-001577,GW-004,USPS Ground Advantage,5.04,0.00,10009,180
EasyPost,DEMO-0101,SHIP-2608-000453,2026-08-07,SGW-2608-001608,GW-002,USPS Ground Advantage,8.26,0.00,10009,180
OSM,DEMO-0101,SHIP-2608-000454,2026-08-05,SGW-2608-001638,GW-006,Parcel Select,7.70,0.00,10009,180
OSM,DEMO-0101,SHIP-2608-000455,2026-08-05,SGW-2608-001652,GW-018,Parcel Select,4.36,0.00,10009,180
OSM,DEMO-0101,SHIP-2608-000456,2026-08-06,SGW-2608-001676,GW-022,Parcel Select,5.81,0.31,10009,180
OSM,DEMO-0101,SHIP-2608-000457,2026-08-06,SGW-2608-001690,GW-011,Parcel Select,4.00,0.00,10009,180
OSM,DEMO-0101,SHIP-2608-000458,2026-08-05,SGW-2608-001747,GW-012,Parcel Select,11.52,0.00,10009,180
Pitney Bowes,DEMO-0101,SHIP-2608-000459,2026-08-05,SGW-2608-001748,GW-024,USPS Ground Advantage,4.08,0.00,10009,180
EasyPost,DEMO-0101,SHIP-2608-000460,2026-08-05,UP-2608-000082,GW-004,USPS Ground Advantage,6.06,0.00,10009,180
Pitney Bowes,DEMO-0101,SHIP-2608-000461,2026-08-06,UP-2608-000114,GW-009,USPS Ground Advantage,5.32,0.00,10009,180
OSM,DEMO-0101,SHIP-2608-000462,2026-08-06,UP-2608-000129,GW-016,Parcel Select,8.09,0.00,10009,180
Pitney Bowes,DEMO-0101,SHIP-2608-000463,2026-08-06,UP-2608-000131,GW-008,USPS Ground Advantage,7.22,0.00,10009,180
Pitney Bowes,DEMO-0101,SHIP-2608-000464,2026-08-06,UP-2608-000135,GW-004,USPS Ground Advantage,3.68,0.00,10009,180
Pitney Bowes,DEMO-0101,SHIP-2608-000465,2026-08-05,UP-2608-000207,GW-017,USPS Ground Advantage,7.25,0.00,10009,180
Pitney Bowes,DEMO-0101,SHIP-2608-000466,2026-08-05,UP-2608-000211,GW-001,USPS Ground Advantage,14.25,0.00,10009,180
Pitney Bowes,DEMO-0101,SHIP-2608-000467,2026-08-10,UP-2608-000254,GW-006,USPS Ground Advantage,5.87,0.00,10009,180
EasyPost,DEMO-0101,SHIP-2608-000468,2026-08-10,UP-2608-000273,GW-017,USPS Priority,9.43,0.00,10009,180
EasyPost,DEMO-0101,SHIP-2608-000469,2026-08-05,UP-2608-000277,GW-006,USPS Priority,11.59,0.00,10009,180
Pitney Bowes,DEMO-0101,SHIP-2608-000470,2026-08-06,UP-2608-000298,GW-003,USPS Ground Advantage,11.38,0.00,10009,180
OSM,DEMO-0101,SHIP-2608-000471,2026-08-05,UP-2608-000304,GW-012,Parcel Select,6.35,0.00,10009,180
EasyPost,DEMO-0101,SHIP-2608-000472,2026-08-05,UP-2608-000317,GW-018,USPS Ground Advantage,8.89,0.00,10009,180
Pitney Bowes,DEMO-0101,SHIP-2608-000473,2026-08-05,UP-2608-000443,GW-018,USPS Ground Advantage,15.13,0.00,10009,180
OSM,DEMO-0101,SHIP-2608-000474,2026-08-05,UP-2608-000515,GW-018,Parcel Select,7.44,0.00,10009,180
Pitney Bowes,DEMO-0101,SHIP-2608-000475,2026-08-06,AMZ-2608-000067,GW-008,USPS Ground Advantage,10.04,0.00,10009,180
OSM,DEMO-0101,SHIP-2608-000476,2026-08-10,AMZ-2608-000098,GW-004,Parcel Select,7.00,-0.58,10009,180
EasyPost,DEMO-0101,SHIP-2608-000477,2026-08-06,AMZ-2608-000103,GW-015,USPS Priority,12.81,0.00,10009,180
OSM,DEMO-0101,SHIP-2608-000478,2026-08-07,AMZ-2608-000137,GW-024,Parcel Select,9.43,0.00,10009,180
EasyPost,DEMO-0101,SHIP-2608-000479,2026-08-06,AMZ-2608-000207,GW-018,USPS Priority,9.82,0.00,10009,180
OSM,DEMO-0101,SHIP-2608-000480,2026-08-06,AMZ-2608-000251,GW-002,Parcel Select,7.32,0.00,10009,180
EasyPost,DEMO-0101,SHIP-2608-000481,2026-08-10,AMZ-2608-000307,GW-015,USPS Ground Advantage,14.95,0.00,10009,180
Pitney Bowes,DEMO-0101,SHIP-2608-000482,2026-08-10,AMZ-2608-000388,GW-012,USPS Ground Advantage,3.62,0.00,10009,180
OSM,DEMO-0101,SHIP-2608-000483,2026-08-06,AMZ-2608-000395,GW-017,Parcel Select,13.46,0.00,10009,180
EasyPost,DEMO-0101,SHIP-2608-000484,2026-08-10,AMZ-2608-000405,GW-006,USPS Ground Advantage,14.50,0.00,10009,180
OSM,DEMO-0101,SHIP-2608-000485,2026-08-06,AMZ-2608-000418,GW-005,Parcel Select,13.45,0.00,10009,180
OSM,DEMO-0101,SHIP-2608-000486,2026-08-06,AMZ-2608-000457,GW-004,Parcel Select,5.29,0.00,10009,180
Pitney Bowes,DEMO-0101,SHIP-2608-000487,2026-08-06,AMZ-2608-000464,GW-020,USPS Ground Advantage,7.77,0.00,10009,180
OSM,DEMO-0101,SHIP-2608-000488,2026-08-10,AMZ-2608-000489,GW-005,Parcel Select,6.57,-0.83,10009,180
EasyPost,DEMO-0101,SHIP-2608-000489,2026-08-06,AMZ-2608-000490,GW-004,USPS Ground Advantage,11.72,-1.22,10009,180
Pitney Bowes,DEMO-0101,SHIP-2608-000490,2026-08-10,AMZ-2608-000549,GW-021,USPS Ground Advantage,4.75,0.00,10009,180
EasyPost,DEMO-0101,SHIP-2608-000491,2026-08-07,CM-2608-000038,GW-015,USPS Ground Advantage,9.54,2.42,10009,180
Pitney Bowes,DEMO-0101,SHIP-2608-000492,2026-08-06,CM-2608-000117,GW-016,USPS Ground Advantage,10.09,1.24,10009,180
OSM,DEMO-0101,SHIP-2608-000493,2026-08-06,CM-2608-000163,GW-012,Parcel Select,12.87,0.00,10009,180
OSM,DEMO-0101,SHIP-2608-000494,2026-08-10,CM-2608-000171,GW-009,Parcel Select,3.82,0.00,10009,180
Pitney Bowes,DEMO-0101,SHIP-2608-000495,2026-08-10,CM-2608-000210,GW-009,USPS Ground Advantage,14.12,0.00,10009,180
EasyPost,DEMO-0101,SHIP-2608-000496,2026-08-06,CM-2608-000229,GW-001,USPS Ground Advantage,6.80,0.00,10009,180
OSM,DEMO-0101,SHIP-2608-000497,2026-08-06,CM-2608-000293,GW-020,Parcel Select,5.04,0.00,10009,180
OSM,DEMO-0101,SHIP-2608-000498,2026-08-07,CM-2608-000343,GW-015,Parcel Select,8.56,1.63,10009,180
EasyPost,DEMO-0101,SHIP-2608-000499,2026-08-06,CM-2608-000384,GW-017,USPS Priority,11.97,0.00,10009,180
OSM,DEMO-0101,SHIP-2608-000500,2026-08-06,CM-2608-000386,GW-013,Parcel Select,14.24,0.00,10009,180
OSM,DEMO-0101,SHIP-2608-000501,2026-08-07,EB-2608-000015,GW-004,Parcel Select,9.39,0.00,10009,180
OSM,DEMO-0101,SHIP-2608-000502,2026-08-07,EB-2608-000031,GW-008,Parcel Select,10.45,0.00,10009,180
Pitney Bowes,DEMO-0101,SHIP-2608-000503,2026-08-10,EB-2608-000055,GW-009,USPS Ground Advantage,10.69,0.00,10009,180
OSM,DEMO-0101,SHIP-2608-000504,2026-08-06,EB-2608-000061,GW-008,Parcel Select,8.79,0.00,10009,180
OSM,DEMO-0101,SHIP-2608-000505,2026-08-06,EB-2608-000067,GW-020,Parcel Select,4.67,0.00,10009,180
Pitney Bowes,DEMO-0101,SHIP-2608-000506,2026-08-06,EB-2608-000105,GW-007,USPS Ground Advantage,11.94,0.00,10009,180
Pitney Bowes,DEMO-0101,SHIP-2608-000507,2026-08-07,EB-2608-000145,GW-002,USPS Ground Advantage,4.25,0.00,10009,180
OSM,DEMO-0101,SHIP-2608-000508,2026-08-07,EB-2608-000148,GW-010,Parcel Select,10.23,0.00,10009,180
OSM,DEMO-0101,SHIP-2608-000509,2026-08-06,EB-2608-000150,GW-017,Parcel Select,12.53,0.00,10009,180
Pitney Bowes,DEMO-0101,SHIP-2608-000510,2026-08-06,EB-2608-000153,GW-024,USPS Ground Advantage,10.25,0.00,10009,180
EasyPost,DEMO-0101,SHIP-2608-000511,2026-08-07,EB-2608-000237,GW-008,USPS Ground Advantage,14.00,0.00,10009,180
Pitney Bowes,DEMO-0101,SHIP-2608-000512,2026-08-07,EB-2608-000337,GW-022,USPS Ground Advantage,5.60,0.00,10009,180
EasyPost,DEMO-0101,SHIP-2608-000513,2026-08-06,EB-2608-000442,GW-004,USPS Ground Advantage,10.02,0.00,10009,180
EasyPost,DEMO-0101,SHIP-2608-000514,2026-08-06,EB-2608-000451,GW-018,USPS Ground Advantage,13.58,0.00,10009,180
Pitney Bowes,DEMO-0101,SHIP-2608-000515,2026-08-10,EB-2608-000487,GW-012,USPS Ground Advantage,9.64,0.00,10009,180
Pitney Bowes,DEMO-0101,SHIP-2608-000516,2026-08-07,EB-2608-000511,GW-001,USPS Ground Advantage,8.60,0.00,10009,180
OSM,DEMO-0101,SHIP-2608-000517,2026-08-10,EB-2608-000635,GW-010,Parcel Select,12.01,-1.51,10009,180
Pitney Bowes,DEMO-0101,SHIP-2608-000518,2026-08-10,EB-2608-000644,GW-008,USPS Ground Advantage,9.08,0.00,10009,180
Pitney Bowes,DEMO-0101,SHIP-2608-000519,2026-08-07,EB-2608-000714,GW-006,USPS Ground Advantage,10.88,0.00,10009,180
Pitney Bowes,DEMO-0101,SHIP-2608-000520,2026-08-06,EB-2608-000727,GW-020,USPS Ground Advantage,9.39,0.00,10009,180
OSM,DEMO-0101,SHIP-2608-000521,2026-08-06,EB-2608-000782,GW-010,Parcel Select,5.46,0.00,10009,180
OSM,DEMO-0101,SHIP-2608-000522,2026-08-07,EB-2608-000793,GW-015,Parcel Select,8.01,0.00,10009,180
OSM,DEMO-0101,SHIP-2608-000523,2026-08-07,EB-2608-000895,GW-008,Parcel Select,14.98,0.00,10009,180
Pitney Bowes,DEMO-0101,SHIP-2608-000524,2026-08-10,EB-2608-000899,GW-024,USPS Ground Advantage,13.89,0.00,10009,180
Pitney Bowes,DEMO-0101,SHIP-2608-000525,2026-08-06,GWB-2608-000094,GW-001,USPS Ground Advantage,13.38,0.00,10009,180
Pitney Bowes,DEMO-0101,SHIP-2608-000526,2026-08-06,GWB-2608-000131,GW-016,USPS Ground Advantage,10.12,0.00,10009,180
OSM,DEMO-0101,SHIP-2608-000527,2026-08-10,GWB-2608-000137,GW-004,Parcel Select,9.38,0.00,10009,180
OSM,DEMO-0101,SHIP-2608-000528,2026-08-07,GWB-2608-000227,GW-001,Parcel Select,14.12,0.00,10009,180
OSM,DEMO-0101,SHIP-2608-000529,2026-08-06,GWB-2608-000231,GW-001,Parcel Select,7.96,0.00,10009,180
OSM,DEMO-0101,SHIP-2608-000530,2026-08-06,GWB-2608-000274,GW-011,Parcel Select,4.12,0.00,10009,180
OSM,DEMO-0101,SHIP-2608-000531,2026-08-10,GWB-2608-000285,GW-016,Parcel Select,14.34,0.00,10009,180
Pitney Bowes,DEMO-0101,SHIP-2608-000532,2026-08-10,GWB-2608-000287,GW-011,USPS Ground Advantage,5.89,0.00,10009,180
OSM,DEMO-0101,SHIP-2608-000533,2026-08-06,GWB-2608-000301,GW-003,Parcel Select,12.81,0.00,10009,180
Pitney Bowes,DEMO-0101,SHIP-2608-000534,2026-08-10,GWB-2608-000304,GW-003,USPS Ground Advantage,9.23,0.00,10009,180
EasyPost,DEMO-0101,SHIP-2608-000535,2026-08-06,GWB-2608-000405,GW-016,USPS Priority,9.07,0.00,10009,180
Pitney Bowes,DEMO-0101,SHIP-2608-000536,2026-08-07,SGW-2608-000033,GW-012,USPS Ground Advantage,5.87,0.00,10009,180
EasyPost,DEMO-0101,SHIP-2608-000537,2026-08-07,SGW-2608-000049,GW-004,USPS Priority,5.79,0.00,10009,180
OSM,DEMO-0101,SHIP-2608-000538,2026-08-06,SGW-2608-000103,GW-021,Parcel Select,4.36,0.00,10009,180
OSM,DEMO-0101,SHIP-2608-000539,2026-08-10,SGW-2608-000150,GW-001,Parcel Select,3.69,0.00,10009,180
OSM,DEMO-0101,SHIP-2608-000540,2026-08-07,SGW-2608-000189,GW-018,Parcel Select,4.39,0.00,10009,180
OSM,DEMO-0101,SHIP-2608-000541,2026-08-06,SGW-2608-000310,GW-012,Parcel Select,3.69,0.00,10009,180
Pitney Bowes,DEMO-0101,SHIP-2608-000542,2026-08-10,SGW-2608-000337,GW-022,USPS Ground Advantage,12.92,0.00,10009,180
EasyPost,DEMO-0101,SHIP-2608-000543,2026-08-06,SGW-2608-000462,GW-017,USPS Ground Advantage,7.70,0.00,10009,180
OSM,DEMO-0101,SHIP-2608-000544,2026-08-06,SGW-2608-000469,GW-004,Parcel Select,14.55,0.00,10009,180
Pitney Bowes,DEMO-0101,SHIP-2608-000545,2026-08-06,SGW-2608-000478,GW-007,USPS Ground Advantage,5.27,0.00,10009,180
Pitney Bowes,DEMO-0101,SHIP-2608-000546,2026-08-06,SGW-2608-000492,GW-012,USPS Ground Advantage,6.75,0.00,10009,180
Pitney Bowes,DEMO-0101,SHIP-2608-000547,2026-08-10,SGW-2608-000531,GW-005,USPS Ground Advantage,4.33,0.00,10009,180
OSM,DEMO-0101,SHIP-2608-000548,2026-08-06,SGW-2608-000622,GW-010,Parcel Select,8.93,0.00,10009,180
OSM,DEMO-0101,SHIP-2608-000549,2026-08-10,SGW-2608-000624,GW-024,Parcel Select,9.05,0.00,10009,180
EasyPost,DEMO-0101,SHIP-2608-000550,2026-08-07,SGW-2608-000660,GW-011,USPS Ground Advantage,5.49,0.00,10009,180
OSM,DEMO-0101,SHIP-2608-000551,2026-08-10,SGW-2608-000696,GW-019,Parcel Select,4.13,0.00,10009,180
OSM,DEMO-0101,SHIP-2608-000552,2026-08-07,SGW-2608-000726,GW-006,Parcel Select,7.53,0.00,10009,180
Pitney Bowes,DEMO-0101,SHIP-2608-000553,2026-08-06,SGW-2608-000757,GW-011,USPS Ground Advantage,12.88,0.00,10009,180
OSM,DEMO-0101,SHIP-2608-000554,2026-08-06,SGW-2608-000758,GW-012,Parcel Select,6.65,0.00,10009,180
Pitney Bowes,DEMO-0101,SHIP-2608-000555,2026-08-06,SGW-2608-000760,GW-008,USPS Ground Advantage,4.35,0.00,10009,180
EasyPost,DEMO-0101,SHIP-2608-000556,2026-08-10,SGW-2608-000821,GW-024,USPS Priority,10.17,0.00,10009,180
Pitney Bowes,DEMO-0101,SHIP-2608-000557,2026-08-06,SGW-2608-000864,GW-008,USPS Ground Advantage,12.40,0.00,10009,180
EasyPost,DEMO-0101,SHIP-2608-000558,2026-08-10,SGW-2608-000865,GW-006,USPS Ground Advantage,15.10,0.00,10009,180
EasyPost,DEMO-0101,SHIP-2608-000559,2026-08-10,SGW-2608-001137,GW-011,USPS Priority,12.74,0.00,10009,180
OSM,DEMO-0101,SHIP-2608-000560,2026-08-10,SGW-2608-001175,GW-012,Parcel Select,10.35,0.00,10009,180
EasyPost,DEMO-0101,SHIP-2608-000561,2026-08-06,SGW-2608-001268,GW-009,USPS Ground Advantage,7.33,0.00,10009,180
OSM,DEMO-0101,SHIP-2608-000562,2026-08-06,SGW-2608-001286,GW-001,Parcel Select,10.66,0.00,10009,180
OSM,DEMO-0101,SHIP-2608-000563,2026-08-10,SGW-2608-001300,GW-012,Parcel Select,5.35,0.00,10009,180
OSM,DEMO-0101,SHIP-2608-000564,2026-08-06,SGW-2608-001327,GW-012,Parcel Select,13.48,0.00,10009,180
Pitney Bowes,DEMO-0101,SHIP-2608-000565,2026-08-07,SGW-2608-001340,GW-018,USPS Ground Advantage,14.63,0.00,10009,180
Pitney Bowes,DEMO-0101,SHIP-2608-000566,2026-08-06,SGW-2608-001384,GW-002,USPS Ground Advantage,11.61,0.00,10009,180
OSM,DEMO-0101,SHIP-2608-000567,2026-08-06,SGW-2608-001423,GW-009,Parcel Select,10.98,0.00,10009,180
OSM,DEMO-0101,SHIP-2608-000568,2026-08-06,SGW-2608-001489,GW-009,Parcel Select,11.69,-0.97,10009,180
Pitney Bowes,DEMO-0101,SHIP-2608-000569,2026-08-10,SGW-2608-001551,GW-008,USPS Ground Advantage,7.90,0.00,10009,180
EasyPost,DEMO-0101,SHIP-2608-000570,2026-08-06,SGW-2608-001597,GW-011,USPS Ground Advantage,15.09,0.00,10009,180
OSM,DEMO-0101,SHIP-2608-000571,2026-08-07,SGW-2608-001630,GW-006,Parcel Select,10.23,0.00,10009,180
OSM,DEMO-0101,SHIP-2608-000572,2026-08-07,SGW-2608-001657,GW-006,Parcel Select,10.23,0.00,10009,180
Pitney Bowes,DEMO-0101,SHIP-2608-000573,2026-08-06,SGW-2608-001735,GW-016,USPS Ground Advantage,3.66,0.00,10009,180
EasyPost,DEMO-0101,SHIP-2608-000574,2026-08-06,SGW-2608-001757,GW-011,USPS Priority,7.55,0.00,10009,180
OSM,DEMO-0101,SHIP-2608-000575,2026-08-06,UP-2608-000046,GW-001,Parcel Select,11.69,0.00,10009,180
Pitney Bowes,DEMO-0101,SHIP-2608-000576,2026-08-10,UP-2608-000063,GW-024,USPS Ground Advantage,4.79,0.00,10009,180
EasyPost,DEMO-0101,SHIP-2608-000577,2026-08-10,UP-2608-000113,GW-016,USPS Ground Advantage,13.00,0.00,10009,180
Pitney Bowes,DEMO-0101,SHIP-2608-000578,2026-08-06,UP-2608-000116,GW-010,USPS Ground Advantage,12.55,0.00,10009,180
Pitney Bowes,DEMO-0101,SHIP-2608-000579,2026-08-07,UP-2608-000122,GW-022,USPS Ground Advantage,14.12,0.00,10009,180
Pitney Bowes,DEMO-0101,SHIP-2608-000580,2026-08-06,UP-2608-000134,GW-018,USPS Ground Advantage,7.70,0.00,10009,180
Pitney Bowes,DEMO-0101,SHIP-2608-000581,2026-08-10,UP-2608-000148,GW-009,USPS Ground Advantage,5.89,0.00,10009,180
OSM,DEMO-0101,SHIP-2608-000582,2026-08-06,UP-2608-000265,GW-014,Parcel Select,13.31,0.00,10009,180
EasyPost,DEMO-0101,SHIP-2608-000583,2026-08-06,UP-2608-000344,GW-001,USPS Ground Advantage,12.89,0.00,10009,180
OSM,DEMO-0101,SHIP-2608-000584,2026-08-07,UP-2608-000447,GW-001,Parcel Select,6.54,0.00,10009,180
OSM,DEMO-0101,SHIP-2608-000585,2026-08-07,UP-2608-000464,GW-018,Parcel Select,9.89,0.00,10009,180
EasyPost,DEMO-0101,SHIP-2608-000586,2026-08-07,UP-2608-000598,GW-012,USPS Priority,3.72,0.00,10009,180
Pitney Bowes,DEMO-0101,SHIP-2608-000587,2026-08-06,UP-2608-000644,GW-016,USPS Ground Advantage,6.84,0.00,10009,180
OSM,DEMO-0101,SHIP-2608-000588,2026-08-10,AMZ-2608-000001,GW-022,Parcel Select,10.86,0.00,10009,180
OSM,DEMO-0101,SHIP-2608-000589,2026-08-10,AMZ-2608-000032,GW-021,Parcel Select,4.19,0.00,10009,180
EasyPost,DEMO-0101,SHIP-2608-000590,2026-08-10,AMZ-2608-000061,GW-001,USPS Priority,10.28,0.00,10009,180
OSM,DEMO-0101,SHIP-2608-000591,2026-08-10,AMZ-2608-000079,GW-024,Parcel Select,9.34,0.00,10009,180
OSM,DEMO-0101,SHIP-2608-000592,2026-08-10,AMZ-2608-000156,GW-014,Parcel Select,13.08,0.07,10009,180
EasyPost,DEMO-0101,SHIP-2608-000593,2026-08-10,AMZ-2608-000180,GW-020,USPS Ground Advantage,12.08,0.00,10009,180
OSM,DEMO-0101,SHIP-2608-000594,2026-08-10,AMZ-2608-000323,GW-011,Parcel Select,9.40,0.00,10009,180
Pitney Bowes,DEMO-0101,SHIP-2608-000595,2026-08-11,AMZ-2608-000360,GW-005,USPS Ground Advantage,13.93,0.00,10009,180
OSM,DEMO-0101,SHIP-2608-000596,2026-08-07,AMZ-2608-000400,GW-015,Parcel Select,5.68,0.00,10009,180
OSM,DEMO-0101,SHIP-2608-000597,2026-08-07,AMZ-2608-000421,GW-023,Parcel Select,4.90,0.00,10009,180
Pitney Bowes,DEMO-0101,SHIP-2608-000598,2026-08-07,AMZ-2608-000431,GW-020,USPS Ground Advantage,13.03,0.00,10009,180
OSM,DEMO-0101,SHIP-2608-000599,2026-08-10,AMZ-2608-000444,GW-011,Parcel Select,6.26,0.00,10009,180
OSM,DEMO-0101,SHIP-2608-000600,2026-08-10,AMZ-2608-000544,GW-017,Parcel Select,7.12,0.00,10009,180
OSM,DEMO-0101,SHIP-2608-000601,2026-08-07,AMZ-2608-000589,GW-016,Parcel Select,6.80,0.00,10009,180
Pitney Bowes,DEMO-0101,SHIP-2608-000602,2026-08-10,CM-2608-000142,GW-003,USPS Ground Advantage,13.64,0.00,10009,180
Pitney Bowes,DEMO-0101,SHIP-2608-000603,2026-08-10,CM-2608-000150,GW-014,USPS Ground Advantage,13.25,0.00,10009,180
OSM,DEMO-0101,SHIP-2608-000604,2026-08-07,CM-2608-000154,GW-004,Parcel Select,14.55,0.00,10009,180
OSM,DEMO-0101,SHIP-2608-000605,2026-08-07,CM-2608-000317,GW-004,Parcel Select,6.07,0.00,10009,180
EasyPost,DEMO-0101,SHIP-2608-000606,2026-08-07,CM-2608-000327,GW-011,USPS Ground Advantage,3.80,0.00,10009,180
OSM,DEMO-0101,SHIP-2608-000607,2026-08-07,CM-2608-000358,GW-005,Parcel Select,7.70,0.00,10009,180
Pitney Bowes,DEMO-0101,SHIP-2608-000608,2026-08-07,CM-2608-000387,GW-006,USPS Ground Advantage,7.43,0.00,10009,180
OSM,DEMO-0101,SHIP-2608-000609,2026-08-07,CM-2608-000432,GW-012,Parcel Select,13.44,0.00,10009,180
EasyPost,DEMO-0101,SHIP-2608-000610,2026-08-07,CM-2608-000434,GW-018,USPS Priority,9.39,0.00,10009,180
Pitney Bowes,DEMO-0101,SHIP-2608-000611,2026-08-10,CM-2608-000437,GW-006,USPS Ground Advantage,9.22,0.00,10009,180
Pitney Bowes,DEMO-0101,SHIP-2608-000612,2026-08-10,CM-2608-000440,GW-006,USPS Ground Advantage,5.58,0.00,10009,180
EasyPost,DEMO-0101,SHIP-2608-000613,2026-08-10,EB-2608-000028,GW-020,USPS Ground Advantage,15.07,0.00,10009,180
OSM,DEMO-0101,SHIP-2608-000614,2026-08-07,EB-2608-000138,GW-012,Parcel Select,11.95,0.00,10009,180
Pitney Bowes,DEMO-0101,SHIP-2608-000615,2026-08-07,EB-2608-000232,GW-009,USPS Ground Advantage,7.10,0.00,10009,180
EasyPost,DEMO-0101,SHIP-2608-000616,2026-08-07,EB-2608-000260,GW-012,USPS Ground Advantage,12.24,0.00,10009,180
EasyPost,DEMO-0101,SHIP-2608-000617,2026-08-10,EB-2608-000291,GW-008,USPS Ground Advantage,12.18,0.00,10009,180
Pitney Bowes,DEMO-0101,SHIP-2608-000618,2026-08-07,EB-2608-000349,GW-008,USPS Ground Advantage,10.53,0.00,10009,180
OSM,DEMO-0101,SHIP-2608-000619,2026-08-07,EB-2608-000391,GW-018,Parcel Select,4.60,0.00,10009,180
OSM,DEMO-0101,SHIP-2608-000620,2026-08-10,EB-2608-000415,GW-022,Parcel Select,7.54,0.00,10009,180
OSM,DEMO-0101,SHIP-2608-000621,2026-08-10,EB-2608-000434,GW-012,Parcel Select,9.05,0.00,10009,180
OSM,DEMO-0101,SHIP-2608-000622,2026-08-10,EB-2608-000539,GW-009,Parcel Select,11.41,2.91,10009,180
OSM,DEMO-0101,SHIP-2608-000623,2026-08-07,EB-2608-000581,GW-016,Parcel Select,7.46,0.00,10009,180
EasyPost,DEMO-0101,SHIP-2608-000624,2026-08-07,EB-2608-000724,GW-014,USPS Ground Advantage,6.65,-1.13,10009,180
OSM,DEMO-0101,SHIP-2608-000625,2026-08-10,EB-2608-000744,GW-022,Parcel Select,12.84,0.00,10009,180
Pitney Bowes,DEMO-0101,SHIP-2608-000626,2026-08-10,EB-2608-000746,GW-004,USPS Ground Advantage,4.83,0.00,10009,180
EasyPost,DEMO-0101,SHIP-2608-000627,2026-08-07,EB-2608-000802,GW-017,USPS Priority,10.56,0.00,10009,180
OSM,DEMO-0101,SHIP-2608-000628,2026-08-10,EB-2608-000812,GW-009,Parcel Select,14.46,0.00,10009,180
OSM,DEMO-0101,SHIP-2608-000629,2026-08-10,EB-2608-000839,GW-013,Parcel Select,8.18,0.00,10009,180
EasyPost,DEMO-0101,SHIP-2608-000630,2026-08-10,EB-2608-000854,GW-017,USPS Ground Advantage,9.44,0.00,10009,180
Pitney Bowes,DEMO-0101,SHIP-2608-000631,2026-08-07,EB-2608-000869,GW-004,USPS Ground Advantage,14.71,0.00,10009,180
Pitney Bowes,DEMO-0101,SHIP-2608-000632,2026-08-10,GWB-2608-000038,GW-023,USPS Ground Advantage,15.21,0.00,10009,180
OSM,DEMO-0101,SHIP-2608-000633,2026-08-10,GWB-2608-000040,GW-024,Parcel Select,7.41,0.00,10009,180
OSM,DEMO-0101,SHIP-2608-000634,2026-08-07,GWB-2608-000046,GW-018,Parcel Select,14.16,0.00,10009,180
OSM,DEMO-0101,SHIP-2608-000635,2026-08-10,GWB-2608-000213,GW-020,Parcel Select,15.01,0.00,10009,180
OSM,DEMO-0101,SHIP-2608-000636,2026-08-07,GWB-2608-000255,GW-001,Parcel Select,11.83,0.00,10009,180
Pitney Bowes,DEMO-0101,SHIP-2608-000637,2026-08-10,GWB-2608-000281,GW-022,USPS Ground Advantage,12.02,0.00,10009,180
EasyPost,DEMO-0101,SHIP-2608-000638,2026-08-10,GWB-2608-000314,GW-001,USPS Priority,9.98,0.00,10009,180
Pitney Bowes,DEMO-0101,SHIP-2608-000639,2026-08-10,GWB-2608-000340,GW-007,USPS Ground Advantage,9.45,0.00,10009,180
Pitney Bowes,DEMO-0101,SHIP-2608-000640,2026-08-10,GWB-2608-000349,GW-009,USPS Ground Advantage,12.53,0.00,10009,180
Pitney Bowes,DEMO-0101,SHIP-2608-000641,2026-08-10,GWB-2608-000362,GW-001,USPS Ground Advantage,10.19,0.00,10009,180
OSM,DEMO-0101,SHIP-2608-000642,2026-08-10,SGW-2608-000015,GW-014,Parcel Select,12.26,0.00,10009,180
OSM,DEMO-0101,SHIP-2608-000643,2026-08-10,SGW-2608-000095,GW-008,Parcel Select,4.51,0.00,10009,180
EasyPost,DEMO-0101,SHIP-2608-000644,2026-08-10,SGW-2608-000099,GW-012,USPS Ground Advantage,3.54,-0.27,10009,180
OSM,DEMO-0101,SHIP-2608-000645,2026-08-10,SGW-2608-000129,GW-024,Parcel Select,10.40,0.00,10009,180
OSM,DEMO-0101,SHIP-2608-000646,2026-08-10,SGW-2608-000175,GW-011,Parcel Select,4.11,0.00,10009,180
Pitney Bowes,DEMO-0101,SHIP-2608-000647,2026-08-10,SGW-2608-000248,GW-001,USPS Ground Advantage,9.63,0.00,10009,180
OSM,DEMO-0101,SHIP-2608-000648,2026-08-10,SGW-2608-000299,GW-012,Parcel Select,11.76,0.00,10009,180
OSM,DEMO-0101,SHIP-2608-000649,2026-08-10,SGW-2608-000359,GW-004,Parcel Select,5.79,0.00,10009,180
OSM,DEMO-0101,SHIP-2608-000650,2026-08-07,SGW-2608-000377,GW-021,Parcel Select,8.92,0.00,10009,180
Pitney Bowes,DEMO-0101,SHIP-2608-000651,2026-08-07,SGW-2608-000535,GW-006,USPS Ground Advantage,13.60,0.00,10009,180
OSM,DEMO-0101,SHIP-2608-000652,2026-08-10,SGW-2608-000558,GW-002,Parcel Select,9.58,0.00,10009,180
OSM,DEMO-0101,SHIP-2608-000653,2026-08-10,SGW-2608-000578,GW-002,Parcel Select,9.29,0.00,10009,180
EasyPost,DEMO-0101,SHIP-2608-000654,2026-08-07,SGW-2608-000587,GW-012,USPS Priority,9.25,0.00,10009,180
Pitney Bowes,DEMO-0101,SHIP-2608-000655,2026-08-10,SGW-2608-000675,GW-012,USPS Ground Advantage,7.31,0.00,10009,180
Pitney Bowes,DEMO-0101,SHIP-2608-000656,2026-08-07,SGW-2608-000745,GW-017,USPS Ground Advantage,13.06,0.00,10009,180
Pitney Bowes,DEMO-0101,SHIP-2608-000657,2026-08-07,SGW-2608-000946,GW-002,USPS Ground Advantage,12.57,0.00,10009,180
OSM,DEMO-0101,SHIP-2608-000658,2026-08-10,SGW-2608-000968,GW-023,Parcel Select,12.08,0.00,10009,180
EasyPost,DEMO-0101,SHIP-2608-000659,2026-08-10,SGW-2608-001048,GW-010,USPS Priority,13.04,0.00,10009,180
OSM,DEMO-0101,SHIP-2608-000660,2026-08-07,SGW-2608-001108,GW-004,Parcel Select,6.75,0.00,10009,180
Pitney Bowes,DEMO-0101,SHIP-2608-000661,2026-08-07,SGW-2608-001186,GW-015,USPS Ground Advantage,14.75,0.00,10009,180
EasyPost,DEMO-0101,SHIP-2608-000662,2026-08-07,SGW-2608-001203,GW-024,USPS Priority,9.42,0.00,10009,180
OSM,DEMO-0101,SHIP-2608-000663,2026-08-07,SGW-2608-001337,GW-024,Parcel Select,7.35,0.00,10009,180
EasyPost,DEMO-0101,SHIP-2608-000664,2026-08-10,SGW-2608-001530,GW-006,USPS Ground Advantage,9.36,0.00,10009,180
Pitney Bowes,DEMO-0101,SHIP-2608-000665,2026-08-07,SGW-2608-001571,GW-011,USPS Ground Advantage,7.60,0.00,10009,180
EasyPost,DEMO-0101,SHIP-2608-000666,2026-08-10,SGW-2608-001589,GW-021,USPS Ground Advantage,4.99,0.00,10009,180
OSM,DEMO-0101,SHIP-2608-000667,2026-08-10,SGW-2608-001671,GW-020,Parcel Select,11.50,0.00,10009,180
Pitney Bowes,DEMO-0101,SHIP-2608-000668,2026-08-10,SGW-2608-001684,GW-008,USPS Ground Advantage,12.25,0.00,10009,180
Pitney Bowes,DEMO-0101,SHIP-2608-000669,2026-08-07,SGW-2608-001734,GW-004,USPS Ground Advantage,7.26,0.00,10009,180
Pitney Bowes,DEMO-0101,SHIP-2608-000670,2026-08-10,SGW-2608-001784,GW-004,USPS Ground Advantage,11.96,0.00,10009,180
OSM,DEMO-0101,SHIP-2608-000671,2026-08-07,SGW-2608-001800,GW-002,Parcel Select,15.18,0.00,10009,180
EasyPost,DEMO-0101,SHIP-2608-000672,2026-08-10,UP-2608-000004,GW-001,USPS Ground Advantage,4.94,0.00,10009,180
OSM,DEMO-0101,SHIP-2608-000673,2026-08-11,UP-2608-000018,GW-002,Parcel Select,5.90,0.00,10009,180
OSM,DEMO-0101,SHIP-2608-000674,2026-08-10,UP-2608-000065,GW-008,Parcel Select,6.25,0.00,10009,180
EasyPost,DEMO-0101,SHIP-2608-000675,2026-08-07,UP-2608-000068,GW-004,USPS Priority,7.99,0.00,10009,180
Pitney Bowes,DEMO-0101,SHIP-2608-000676,2026-08-07,UP-2608-000075,GW-023,USPS Ground Advantage,6.37,0.00,10009,180
OSM,DEMO-0101,SHIP-2608-000677,2026-08-07,UP-2608-000123,GW-004,Parcel Select,13.49,0.00,10009,180
Pitney Bowes,DEMO-0101,SHIP-2608-000678,2026-08-10,UP-2608-000149,GW-016,USPS Ground Advantage,10.57,0.00,10009,180
EasyPost,DEMO-0101,SHIP-2608-000679,2026-08-10,UP-2608-000173,GW-008,USPS Priority,6.30,0.00,10009,180
OSM,DEMO-0101,SHIP-2608-000680,2026-08-10,UP-2608-000245,GW-002,Parcel Select,13.29,0.00,10009,180
OSM,DEMO-0101,SHIP-2608-000681,2026-08-07,UP-2608-000255,GW-006,Parcel Select,5.69,0.00,10009,180
OSM,DEMO-0101,SHIP-2608-000682,2026-08-07,UP-2608-000267,GW-004,Parcel Select,6.89,0.00,10009,180
Pitney Bowes,DEMO-0101,SHIP-2608-000683,2026-08-10,UP-2608-000312,GW-009,USPS Ground Advantage,13.76,0.00,10009,180
OSM,DEMO-0101,SHIP-2608-000684,2026-08-07,UP-2608-000324,GW-016,Parcel Select,14.97,0.00,10009,180
Pitney Bowes,DEMO-0101,SHIP-2608-000685,2026-08-07,UP-2608-000357,GW-002,USPS Ground Advantage,6.25,0.00,10009,180
OSM,DEMO-0101,SHIP-2608-000686,2026-08-10,UP-2608-000419,GW-017,Parcel Select,6.29,0.00,10009,180
Pitney Bowes,DEMO-0101,SHIP-2608-000687,2026-08-10,UP-2608-000455,GW-014,USPS Ground Advantage,14.27,0.00,10009,180
OSM,DEMO-0101,SHIP-2608-000688,2026-08-07,UP-2608-000579,GW-018,Parcel Select,12.06,0.00,10009,180
OSM,DEMO-0101,SHIP-2608-000689,2026-08-10,UP-2608-000582,GW-004,Parcel Select,5.48,0.00,10009,180
Pitney Bowes,DEMO-0101,SHIP-2608-000690,2026-08-10,UP-2608-000608,GW-004,USPS Ground Advantage,5.10,0.00,10009,180
Pitney Bowes,DEMO-0101,SHIP-2608-000691,2026-08-07,UP-2608-000614,GW-008,USPS Ground Advantage,8.03,0.00,10009,180
OSM,DEMO-0101,SHIP-2608-000692,2026-08-10,AMZ-2608-000031,GW-017,Parcel Select,11.35,0.00,10009,180
OSM,DEMO-0101,SHIP-2608-000693,2026-08-11,AMZ-2608-000089,GW-019,Parcel Select,14.49,0.00,10009,180
EasyPost,DEMO-0101,SHIP-2608-000694,2026-08-10,AMZ-2608-000100,GW-017,USPS Ground Advantage,10.48,0.00,10009,180
OSM,DEMO-0101,SHIP-2608-000695,2026-08-10,AMZ-2608-000191,GW-002,Parcel Select,5.06,0.00,10009,180
Pitney Bowes,DEMO-0101,SHIP-2608-000696,2026-08-10,AMZ-2608-000214,GW-022,USPS Ground Advantage,10.70,0.00,10009,180
OSM,DEMO-0101,SHIP-2608-000697,2026-08-10,AMZ-2608-000225,GW-012,Parcel Select,6.95,0.62,10009,180
Pitney Bowes,DEMO-0101,SHIP-2608-000698,2026-08-11,AMZ-2608-000226,GW-005,USPS Ground Advantage,9.69,0.00,10009,180
Pitney Bowes,DEMO-0101,SHIP-2608-000699,2026-08-12,AMZ-2608-000277,GW-016,USPS Ground Advantage,14.78,0.00,10009,180
EasyPost,DEMO-0101,SHIP-2608-000700,2026-08-10,AMZ-2608-000531,GW-024,USPS Priority,14.68,0.00,10009,180
OSM,DEMO-0101,SHIP-2608-000701,2026-08-10,AMZ-2608-000546,GW-005,Parcel Select,11.97,0.00,10009,180
OSM,DEMO-0101,SHIP-2608-000702,2026-08-10,AMZ-2608-000563,GW-008,Parcel Select,7.68,0.00,10009,180
EasyPost,DEMO-0101,SHIP-2608-000703,2026-08-10,AMZ-2608-000564,GW-003,USPS Ground Advantage,5.95,0.00,10009,180
EasyPost,DEMO-0101,SHIP-2608-000704,2026-08-10,AMZ-2608-000574,GW-016,USPS Priority,4.61,0.00,10009,180
OSM,DEMO-0101,SHIP-2608-000705,2026-08-10,AMZ-2608-000615,GW-006,Parcel Select,10.90,0.00,10009,180
Pitney Bowes,DEMO-0101,SHIP-2608-000706,2026-08-10,AMZ-2608-000622,GW-024,USPS Ground Advantage,9.88,0.00,10009,180
OSM,DEMO-0101,SHIP-2608-000707,2026-08-10,AMZ-2608-000648,GW-004,Parcel Select,9.62,0.00,10009,180
Pitney Bowes,DEMO-0101,SHIP-2608-000708,2026-08-10,CM-2608-000029,GW-009,USPS Ground Advantage,9.52,0.00,10009,180
Pitney Bowes,DEMO-0101,SHIP-2608-000709,2026-08-10,CM-2608-000056,GW-017,USPS Ground Advantage,5.78,0.00,10009,180
Pitney Bowes,DEMO-0101,SHIP-2608-000710,2026-08-10,CM-2608-000060,GW-006,USPS Ground Advantage,7.55,0.00,10009,180
Pitney Bowes,DEMO-0101,SHIP-2608-000711,2026-08-10,CM-2608-000096,GW-022,USPS Ground Advantage,9.04,0.00,10009,180
Pitney Bowes,DEMO-0101,SHIP-2608-000712,2026-08-10,CM-2608-000178,GW-005,USPS Ground Advantage,7.74,0.00,10009,180
OSM,DEMO-0101,SHIP-2608-000713,2026-08-10,CM-2608-000199,GW-001,Parcel Select,13.63,0.00,10009,180
OSM,DEMO-0101,SHIP-2608-000714,2026-08-10,CM-2608-000205,GW-008,Parcel Select,11.35,0.00,10009,180
EasyPost,DEMO-0101,SHIP-2608-000715,2026-08-10,CM-2608-000249,GW-003,USPS Priority,10.20,0.00,10009,180
EasyPost,DEMO-0101,SHIP-2608-000716,2026-08-10,CM-2608-000280,GW-004,USPS Priority,5.84,0.00,10009,180
EasyPost,DEMO-0101,SHIP-2608-000717,2026-08-10,CM-2608-000300,GW-001,USPS Priority,14.21,0.00,10009,180
OSM,DEMO-0101,SHIP-2608-000718,2026-08-10,CM-2608-000306,GW-017,Parcel Select,12.81,0.00,10009,180
Pitney Bowes,DEMO-0101,SHIP-2608-000719,2026-08-10,CM-2608-000325,GW-003,USPS Ground Advantage,14.20,0.00,10009,180
OSM,DEMO-0101,SHIP-2608-000720,2026-08-10,CM-2608-000365,GW-001,Parcel Select,10.85,0.00,10009,180
Pitney Bowes,DEMO-0101,SHIP-2608-000721,2026-08-10,CM-2608-000462,GW-005,USPS Ground Advantage,4.57,0.00,10009,180
Pitney Bowes,DEMO-0101,SHIP-2608-000722,2026-08-10,EB-2608-000036,GW-006,USPS Ground Advantage,4.99,0.00,10009,180
OSM,DEMO-0101,SHIP-2608-000723,2026-08-10,EB-2608-000085,GW-007,Parcel Select,9.04,0.00,10009,180
Pitney Bowes,DEMO-0101,SHIP-2608-000724,2026-08-11,EB-2608-000124,GW-016,USPS Ground Advantage,13.93,0.00,10009,180
Pitney Bowes,DEMO-0101,SHIP-2608-000725,2026-08-10,EB-2608-000151,GW-023,USPS Ground Advantage,14.87,0.00,10009,180
Pitney Bowes,DEMO-0101,SHIP-2608-000726,2026-08-10,EB-2608-000182,GW-007,USPS Ground Advantage,4.68,0.00,10009,180
Pitney Bowes,DEMO-0101,SHIP-2608-000727,2026-08-10,EB-2608-000287,GW-021,USPS Ground Advantage,15.08,0.00,10009,180
Pitney Bowes,DEMO-0101,SHIP-2608-000728,2026-08-10,EB-2608-000316,GW-006,USPS Ground Advantage,4.71,0.00,10009,180
EasyPost,DEMO-0101,SHIP-2608-000729,2026-08-10,EB-2608-000333,GW-012,USPS Priority,8.79,0.00,10009,180
OSM,DEMO-0101,SHIP-2608-000730,2026-08-10,EB-2608-000334,GW-008,Parcel Select,10.94,0.00,10009,180
OSM,DEMO-0101,SHIP-2608-000731,2026-08-10,EB-2608-000351,GW-020,Parcel Select,8.42,-0.77,10009,180
EasyPost,DEMO-0101,SHIP-2608-000732,2026-08-10,EB-2608-000358,GW-020,USPS Ground Advantage,3.82,0.21,10009,180
OSM,DEMO-0101,SHIP-2608-000733,2026-08-10,EB-2608-000367,GW-004,Parcel Select,12.08,0.00,10009,180
Pitney Bowes,DEMO-0101,SHIP-2608-000734,2026-08-10,EB-2608-000378,GW-015,USPS Ground Advantage,6.58,0.00,10009,180
Pitney Bowes,DEMO-0101,SHIP-2608-000735,2026-08-10,EB-2608-000470,GW-018,USPS Ground Advantage,6.55,0.00,10009,180
OSM,DEMO-0101,SHIP-2608-000736,2026-08-10,EB-2608-000623,GW-016,Parcel Select,9.59,0.00,10009,180
Pitney Bowes,DEMO-0101,SHIP-2608-000737,2026-08-10,EB-2608-000686,GW-003,USPS Ground Advantage,14.93,0.00,10009,180
OSM,DEMO-0101,SHIP-2608-000738,2026-08-10,EB-2608-000693,GW-001,Parcel Select,11.78,0.00,10009,180
OSM,DEMO-0101,SHIP-2608-000739,2026-08-10,EB-2608-000700,GW-017,Parcel Select,5.90,0.00,10009,180
OSM,DEMO-0101,SHIP-2608-000740,2026-08-10,EB-2608-000737,GW-006,Parcel Select,14.17,0.00,10009,180
Pitney Bowes,DEMO-0101,SHIP-2608-000741,2026-08-10,EB-2608-000805,GW-007,USPS Ground Advantage,15.23,0.00,10009,180
OSM,DEMO-0101,SHIP-2608-000742,2026-08-10,EB-2608-000809,GW-024,Parcel Select,13.95,0.00,10009,180
Pitney Bowes,DEMO-0101,SHIP-2608-000743,2026-08-10,EB-2608-000867,GW-016,USPS Ground Advantage,8.47,0.00,10009,180
OSM,DEMO-0101,SHIP-2608-000744,2026-08-10,EB-2608-000876,GW-023,Parcel Select,8.71,0.00,10009,180
Pitney Bowes,DEMO-0101,SHIP-2608-000745,2026-08-10,GWB-2608-000039,GW-001,USPS Ground Advantage,12.37,0.00,10009,180
EasyPost,DEMO-0101,SHIP-2608-000746,2026-08-10,GWB-2608-000049,GW-006,USPS Priority,4.79,0.00,10009,180
OSM,DEMO-0101,SHIP-2608-000747,2026-08-10,GWB-2608-000057,GW-024,Parcel Select,4.95,0.00,10009,180
OSM,DEMO-0101,SHIP-2608-000748,2026-08-10,GWB-2608-000201,GW-017,Parcel Select,8.96,0.00,10009,180
OSM,DEMO-0101,SHIP-2608-000749,2026-08-12,GWB-2608-000214,GW-002,Parcel Select,10.51,0.00,10009,180
Pitney Bowes,DEMO-0101,SHIP-2608-000750,2026-08-10,GWB-2608-000315,GW-010,USPS Ground Advantage,11.82,0.00,10009,180
Pitney Bowes,DEMO-0101,SHIP-2608-000751,2026-08-10,GWB-2608-000343,GW-003,USPS Ground Advantage,6.57,0.00,10009,180
OSM,DEMO-0101,SHIP-2608-000752,2026-08-10,GWB-2608-000347,GW-005,Parcel Select,9.37,0.00,10009,180
OSM,DEMO-0101,SHIP-2608-000753,2026-08-10,GWB-2608-000378,GW-022,Parcel Select,4.18,0.00,10009,180
Pitney Bowes,DEMO-0101,SHIP-2608-000754,2026-08-10,GWB-2608-000394,GW-008,USPS Ground Advantage,6.70,0.00,10009,180
EasyPost,DEMO-0101,SHIP-2608-000755,2026-08-10,GWB-2608-000403,GW-018,USPS Ground Advantage,5.91,0.00,10009,180
Pitney Bowes,DEMO-0101,SHIP-2608-000756,2026-08-10,SGW-2608-000047,GW-008,USPS Ground Advantage,9.70,0.03,10009,180
Pitney Bowes,DEMO-0101,SHIP-2608-000757,2026-08-10,SGW-2608-000305,GW-007,USPS Ground Advantage,9.31,0.00,10009,180
Pitney Bowes,DEMO-0101,SHIP-2608-000758,2026-08-10,SGW-2608-000311,GW-008,USPS Ground Advantage,10.71,0.00,10009,180
Pitney Bowes,DEMO-0101,SHIP-2608-000759,2026-08-10,SGW-2608-000343,GW-010,USPS Ground Advantage,7.78,0.00,10009,180
Pitney Bowes,DEMO-0101,SHIP-2608-000760,2026-08-10,SGW-2608-000363,GW-016,USPS Ground Advantage,9.53,0.00,10009,180
Pitney Bowes,DEMO-0101,SHIP-2608-000761,2026-08-10,SGW-2608-000367,GW-001,USPS Ground Advantage,5.43,0.00,10009,180
EasyPost,DEMO-0101,SHIP-2608-000762,2026-08-10,SGW-2608-000374,GW-005,USPS Priority,9.89,0.00,10009,180
OSM,DEMO-0101,SHIP-2608-000763,2026-08-10,SGW-2608-000388,GW-020,Parcel Select,12.32,0.00,10009,180
Pitney Bowes,DEMO-0101,SHIP-2608-000764,2026-08-10,SGW-2608-000398,GW-016,USPS Ground Advantage,8.52,1.85,10009,180
Pitney Bowes,DEMO-0101,SHIP-2608-000765,2026-08-10,SGW-2608-000413,GW-021,USPS Ground Advantage,9.31,0.00,10009,180
EasyPost,DEMO-0101,SHIP-2608-000766,2026-08-10,SGW-2608-000481,GW-001,USPS Priority,6.95,0.00,10009,180
OSM,DEMO-0101,SHIP-2608-000767,2026-08-10,SGW-2608-000488,GW-001,Parcel Select,10.60,0.00,10009,180
OSM,DEMO-0101,SHIP-2608-000768,2026-08-10,SGW-2608-000544,GW-011,Parcel Select,11.08,0.00,10009,180
OSM,DEMO-0101,SHIP-2608-000769,2026-08-10,SGW-2608-000603,GW-008,Parcel Select,8.34,0.00,10009,180
Pitney Bowes,DEMO-0101,SHIP-2608-000770,2026-08-10,SGW-2608-000674,GW-019,USPS Ground Advantage,9.25,0.00,10009,180
Pitney Bowes,DEMO-0101,SHIP-2608-000771,2026-08-10,SGW-2608-000744,GW-024,USPS Ground Advantage,11.91,0.00,10009,180
Pitney Bowes,DEMO-0101,SHIP-2608-000772,2026-08-12,SGW-2608-000815,GW-009,USPS Ground Advantage,8.67,0.00,10009,180
OSM,DEMO-0101,SHIP-2608-000773,2026-08-10,SGW-2608-000825,GW-009,Parcel Select,7.99,0.00,10009,180
EasyPost,DEMO-0101,SHIP-2608-000774,2026-08-10,SGW-2608-000845,GW-012,USPS Ground Advantage,4.22,0.00,10009,180
Pitney Bowes,DEMO-0101,SHIP-2608-000775,2026-08-10,SGW-2608-000941,GW-022,USPS Ground Advantage,10.31,0.00,10009,180
EasyPost,DEMO-0101,SHIP-2608-000776,2026-08-10,SGW-2608-001062,GW-024,USPS Ground Advantage,3.85,0.00,10009,180
Pitney Bowes,DEMO-0101,SHIP-2608-000777,2026-08-10,SGW-2608-001075,GW-012,USPS Ground Advantage,4.56,0.00,10009,180
OSM,DEMO-0101,SHIP-2608-000778,2026-08-10,SGW-2608-001140,GW-017,Parcel Select,12.40,0.00,10009,180
EasyPost,DEMO-0101,SHIP-2608-000779,2026-08-10,SGW-2608-001256,GW-009,USPS Ground Advantage,5.54,0.00,10009,180
Pitney Bowes,DEMO-0101,SHIP-2608-000780,2026-08-10,SGW-2608-001326,GW-001,USPS Ground Advantage,10.52,0.00,10009,180
OSM,DEMO-0101,SHIP-2608-000781,2026-08-10,SGW-2608-001364,GW-011,Parcel Select,13.49,0.00,10009,180
EasyPost,DEMO-0101,SHIP-2608-000782,2026-08-10,SGW-2608-001401,GW-001,USPS Priority,14.19,0.00,10009,180
EasyPost,DEMO-0101,SHIP-2608-000783,2026-08-10,SGW-2608-001413,GW-020,USPS Priority,11.69,-0.15,10009,180
Pitney Bowes,DEMO-0101,SHIP-2608-000784,2026-08-10,SGW-2608-001434,GW-017,USPS Ground Advantage,7.20,2.94,10009,180
OSM,DEMO-0101,SHIP-2608-000785,2026-08-10,SGW-2608-001483,GW-004,Parcel Select,11.44,0.00,10009,180
OSM,DEMO-0101,SHIP-2608-000786,2026-08-10,SGW-2608-001552,GW-017,Parcel Select,4.21,0.00,10009,180
OSM,DEMO-0101,SHIP-2608-000787,2026-08-10,SGW-2608-001637,GW-001,Parcel Select,13.22,0.00,10009,180
OSM,DEMO-0101,SHIP-2608-000788,2026-08-10,SGW-2608-001664,GW-022,Parcel Select,4.95,0.00,10009,180
Pitney Bowes,DEMO-0101,SHIP-2608-000789,2026-08-10,SGW-2608-001672,GW-009,USPS Ground Advantage,15.10,0.00,10009,180
OSM,DEMO-0101,SHIP-2608-000790,2026-08-10,SGW-2608-001692,GW-011,Parcel Select,13.56,0.00,10009,180
OSM,DEMO-0101,SHIP-2608-000791,2026-08-11,SGW-2608-001786,GW-010,Parcel Select,10.23,0.00,10009,180
OSM,DEMO-0101,SHIP-2608-000792,2026-08-10,UP-2608-000094,GW-006,Parcel Select,12.96,0.00,10009,180
OSM,DEMO-0101,SHIP-2608-000793,2026-08-12,UP-2608-000107,GW-006,Parcel Select,4.64,0.00,10009,180
OSM,DEMO-0101,SHIP-2608-000794,2026-08-10,UP-2608-000198,GW-022,Parcel Select,14.71,0.00,10009,180
OSM,DEMO-0101,SHIP-2608-000795,2026-08-10,UP-2608-000306,GW-020,Parcel Select,5.34,0.00,10009,180
OSM,DEMO-0101,SHIP-2608-000796,2026-08-10,UP-2608-000334,GW-001,Parcel Select,3.89,0.00,10009,180
Pitney Bowes,DEMO-0101,SHIP-2608-000797,2026-08-10,UP-2608-000360,GW-024,USPS Ground Advantage,3.89,0.00,10009,180
OSM,DEMO-0101,SHIP-2608-000798,2026-08-10,UP-2608-000371,GW-001,Parcel Select,8.21,0.00,10009,180
EasyPost,DEMO-0101,SHIP-2608-000799,2026-08-10,UP-2608-000382,GW-022,USPS Ground Advantage,11.57,0.00,10009,180
EasyPost,DEMO-0101,SHIP-2608-000800,2026-08-10,UP-2608-000423,GW-018,USPS Ground Advantage,11.74,0.00,10009,180
EasyPost,DEMO-0101,SHIP-2608-000801,2026-08-10,UP-2608-000446,GW-004,USPS Priority,8.00,0.00,10009,180
OSM,DEMO-0101,SHIP-2608-000802,2026-08-12,UP-2608-000452,GW-020,Parcel Select,11.25,0.00,10009,180
EasyPost,DEMO-0101,SHIP-2608-000803,2026-08-10,UP-2608-000592,GW-002,USPS Priority,9.43,1.39,10009,180
EasyPost,DEMO-0101,SHIP-2608-000804,2026-08-10,UP-2608-000602,GW-002,USPS Ground Advantage,12.94,0.00,10009,180
OSM,DEMO-0101,SHIP-2608-000805,2026-08-10,UP-2608-000626,GW-020,Parcel Select,4.23,0.00,10009,180
OSM,DEMO-0101,SHIP-2608-000806,2026-08-10,UP-2608-000637,GW-020,Parcel Select,8.82,0.00,10009,180
EasyPost,DEMO-0101,SHIP-2608-000807,2026-08-10,AMZ-2608-000007,GW-008,USPS Ground Advantage,15.13,0.00,10009,180
OSM,DEMO-0101,SHIP-2608-000808,2026-08-10,AMZ-2608-000011,GW-002,Parcel Select,13.52,0.00,10009,180
Pitney Bowes,DEMO-0101,SHIP-2608-000809,2026-08-10,AMZ-2608-000082,GW-009,USPS Ground Advantage,9.29,0.00,10009,180
Pitney Bowes,DEMO-0101,SHIP-2608-000810,2026-08-10,AMZ-2608-000096,GW-002,USPS Ground Advantage,8.19,0.00,10009,180
EasyPost,DEMO-0101,SHIP-2608-000811,2026-08-10,AMZ-2608-000138,GW-012,USPS Ground Advantage,12.87,0.00,10009,180
OSM,DEMO-0101,SHIP-2608-000812,2026-08-10,AMZ-2608-000142,GW-019,Parcel Select,10.79,0.00,10009,180
Pitney Bowes,DEMO-0101,SHIP-2608-000813,2026-08-10,AMZ-2608-000144,GW-014,USPS Ground Advantage,5.21,0.00,10009,180
EasyPost,DEMO-0101,SHIP-2608-000814,2026-08-11,AMZ-2608-000184,GW-012,USPS Ground Advantage,9.62,0.00,10009,180
Pitney Bowes,DEMO-0101,SHIP-2608-000815,2026-08-10,AMZ-2608-000198,GW-001,USPS Ground Advantage,12.85,0.00,10009,180
OSM,DEMO-0101,SHIP-2608-000816,2026-08-10,AMZ-2608-000238,GW-012,Parcel Select,9.65,0.00,10009,180
Pitney Bowes,DEMO-0101,SHIP-2608-000817,2026-08-12,AMZ-2608-000242,GW-020,USPS Ground Advantage,4.19,0.00,10009,180
OSM,DEMO-0101,SHIP-2608-000818,2026-08-10,AMZ-2608-000309,GW-006,Parcel Select,7.25,0.00,10009,180
Pitney Bowes,DEMO-0101,SHIP-2608-000819,2026-08-11,AMZ-2608-000315,GW-017,USPS Ground Advantage,7.22,0.00,10009,180
OSM,DEMO-0101,SHIP-2608-000820,2026-08-10,AMZ-2608-000346,GW-017,Parcel Select,14.97,0.00,10009,180
Pitney Bowes,DEMO-0101,SHIP-2608-000821,2026-08-10,AMZ-2608-000364,GW-012,USPS Ground Advantage,14.23,0.00,10009,180
EasyPost,DEMO-0101,SHIP-2608-000822,2026-08-10,AMZ-2608-000379,GW-012,USPS Priority,6.32,0.00,10009,180
Pitney Bowes,DEMO-0101,SHIP-2608-000823,2026-08-10,AMZ-2608-000381,GW-012,USPS Ground Advantage,4.61,0.00,10009,180
OSM,DEMO-0101,SHIP-2608-000824,2026-08-10,AMZ-2608-000384,GW-009,Parcel Select,8.99,0.00,10009,180
OSM,DEMO-0101,SHIP-2608-000825,2026-08-12,AMZ-2608-000410,GW-020,Parcel Select,9.22,0.00,10009,180
Pitney Bowes,DEMO-0101,SHIP-2608-000826,2026-08-11,AMZ-2608-000471,GW-020,USPS Ground Advantage,14.84,0.00,10009,180
Pitney Bowes,DEMO-0101,SHIP-2608-000827,2026-08-10,AMZ-2608-000478,GW-014,USPS Ground Advantage,10.37,0.00,10009,180
OSM,DEMO-0101,SHIP-2608-000828,2026-08-11,AMZ-2608-000526,GW-007,Parcel Select,9.77,0.00,10009,180
Pitney Bowes,DEMO-0101,SHIP-2608-000829,2026-08-10,AMZ-2608-000541,GW-010,USPS Ground Advantage,11.15,0.00,10009,180
EasyPost,DEMO-0101,SHIP-2608-000830,2026-08-10,AMZ-2608-000559,GW-014,USPS Ground Advantage,8.22,0.00,10009,180
OSM,DEMO-0101,SHIP-2608-000831,2026-08-10,AMZ-2608-000576,GW-024,Parcel Select,4.96,0.00,10009,180
Pitney Bowes,DEMO-0101,SHIP-2608-000832,2026-08-10,AMZ-2608-000581,GW-014,USPS Ground Advantage,13.73,0.00,10009,180
EasyPost,DEMO-0101,SHIP-2608-000833,2026-08-12,CM-2608-000052,GW-006,USPS Ground Advantage,8.62,0.00,10009,180
Pitney Bowes,DEMO-0101,SHIP-2608-000834,2026-08-11,CM-2608-000061,GW-008,USPS Ground Advantage,12.81,0.00,10009,180
Pitney Bowes,DEMO-0101,SHIP-2608-000835,2026-08-11,CM-2608-000089,GW-018,USPS Ground Advantage,10.29,0.00,10009,180
EasyPost,DEMO-0101,SHIP-2608-000836,2026-08-10,CM-2608-000093,GW-005,USPS Priority,12.59,0.00,10009,180
OSM,DEMO-0101,SHIP-2608-000837,2026-08-10,CM-2608-000134,GW-001,Parcel Select,9.33,0.00,10009,180
EasyPost,DEMO-0101,SHIP-2608-000838,2026-08-10,CM-2608-000137,GW-007,USPS Priority,4.98,0.00,10009,180
OSM,DEMO-0101,SHIP-2608-000839,2026-08-10,CM-2608-000228,GW-004,Parcel Select,11.23,0.00,10009,180
OSM,DEMO-0101,SHIP-2608-000840,2026-08-10,CM-2608-000234,GW-016,Parcel Select,10.41,0.00,10009,180
OSM,DEMO-0101,SHIP-2608-000841,2026-08-12,CM-2608-000278,GW-012,Parcel Select,7.62,0.00,10009,180
Pitney Bowes,DEMO-0101,SHIP-2608-000842,2026-08-10,CM-2608-000329,GW-020,USPS Ground Advantage,3.74,0.00,10009,180
EasyPost,DEMO-0101,SHIP-2608-000843,2026-08-10,CM-2608-000449,GW-016,USPS Ground Advantage,13.93,0.00,10009,180
EasyPost,DEMO-0101,SHIP-2608-000844,2026-08-10,CM-2608-000491,GW-008,USPS Priority,10.38,0.00,10009,180
Pitney Bowes,DEMO-0101,SHIP-2608-000845,2026-08-10,CM-2608-000497,GW-012,USPS Ground Advantage,11.25,0.00,10009,180
EasyPost,DEMO-0101,SHIP-2608-000846,2026-08-10,EB-2608-000065,GW-022,USPS Priority,15.21,0.00,10009,180
Pitney Bowes,DEMO-0101,SHIP-2608-000847,2026-08-10,EB-2608-000102,GW-003,USPS Ground Advantage,7.03,0.00,10009,180
OSM,DEMO-0101,SHIP-2608-000848,2026-08-11,EB-2608-000117,GW-008,Parcel Select,5.54,0.00,10009,180
Pitney Bowes,DEMO-0101,SHIP-2608-000849,2026-08-10,EB-2608-000176,GW-008,USPS Ground Advantage,13.78,0.00,10009,180
OSM,DEMO-0101,SHIP-2608-000850,2026-08-10,EB-2608-000180,GW-017,Parcel Select,9.68,0.00,10009,180
EasyPost,DEMO-0101,SHIP-2608-000851,2026-08-10,EB-2608-000294,GW-004,USPS Ground Advantage,8.41,0.00,10009,180
Pitney Bowes,DEMO-0101,SHIP-2608-000852,2026-08-10,EB-2608-000306,GW-008,USPS Ground Advantage,6.93,0.00,10009,180
Pitney Bowes,DEMO-0101,SHIP-2608-000853,2026-08-13,EB-2608-000374,GW-015,USPS Ground Advantage,6.38,0.00,10009,180
EasyPost,DEMO-0101,SHIP-2608-000854,2026-08-10,EB-2608-000375,GW-012,USPS Ground Advantage,15.08,0.00,10009,180
OSM,DEMO-0101,SHIP-2608-000855,2026-08-10,EB-2608-000397,GW-009,Parcel Select,7.91,0.00,10009,180
OSM,DEMO-0101,SHIP-2608-000856,2026-08-10,EB-2608-000420,GW-005,Parcel Select,12.62,0.00,10009,180
OSM,DEMO-0101,SHIP-2608-000857,2026-08-11,EB-2608-000519,GW-005,Parcel Select,4.86,0.00,10009,180
OSM,DEMO-0101,SHIP-2608-000858,2026-08-10,EB-2608-000531,GW-023,Parcel Select,8.35,0.00,10009,180
OSM,DEMO-0101,SHIP-2608-000859,2026-08-10,EB-2608-000590,GW-008,Parcel Select,8.77,0.00,10009,180
OSM,DEMO-0101,SHIP-2608-000860,2026-08-10,EB-2608-000670,GW-013,Parcel Select,7.92,0.00,10009,180
Pitney Bowes,DEMO-0101,SHIP-2608-000861,2026-08-10,EB-2608-000675,GW-011,USPS Ground Advantage,4.21,0.00,10009,180
EasyPost,DEMO-0101,SHIP-2608-000862,2026-08-10,EB-2608-000685,GW-001,USPS Ground Advantage,14.27,0.00,10009,180
OSM,DEMO-0101,SHIP-2608-000863,2026-08-11,EB-2608-000732,GW-016,Parcel Select,5.03,0.00,10009,180
EasyPost,DEMO-0101,SHIP-2608-000864,2026-08-10,EB-2608-000735,GW-006,USPS Ground Advantage,9.95,-0.15,10009,180
OSM,DEMO-0101,SHIP-2608-000865,2026-08-10,EB-2608-000748,GW-009,Parcel Select,7.24,0.00,10009,180
OSM,DEMO-0101,SHIP-2608-000866,2026-08-10,EB-2608-000765,GW-018,Parcel Select,11.98,0.00,10009,180
EasyPost,DEMO-0101,SHIP-2608-000867,2026-08-10,EB-2608-000785,GW-017,USPS Priority,7.48,0.00,10009,180
EasyPost,DEMO-0101,SHIP-2608-000868,2026-08-11,EB-2608-000830,GW-017,USPS Ground Advantage,12.50,0.00,10009,180
Pitney Bowes,DEMO-0101,SHIP-2608-000869,2026-08-12,EB-2608-000845,GW-017,USPS Ground Advantage,8.75,0.00,10009,180
OSM,DEMO-0101,SHIP-2608-000870,2026-08-10,EB-2608-000857,GW-024,Parcel Select,4.11,0.00,10009,180
Pitney Bowes,DEMO-0101,SHIP-2608-000871,2026-08-10,EB-2608-000868,GW-013,USPS Ground Advantage,9.38,0.00,10009,180
EasyPost,DEMO-0101,SHIP-2608-000872,2026-08-12,GWB-2608-000009,GW-014,USPS Priority,14.88,0.00,10009,180
OSM,DEMO-0101,SHIP-2608-000873,2026-08-10,GWB-2608-000102,GW-014,Parcel Select,12.40,0.00,10009,180
Pitney Bowes,DEMO-0101,SHIP-2608-000874,2026-08-10,GWB-2608-000120,GW-024,USPS Ground Advantage,7.45,0.00,10009,180
EasyPost,DEMO-0101,SHIP-2608-000875,2026-08-10,GWB-2608-000176,GW-021,USPS Priority,6.71,0.00,10009,180
Pitney Bowes,DEMO-0101,SHIP-2608-000876,2026-08-11,GWB-2608-000245,GW-015,USPS Ground Advantage,12.62,0.00,10009,180
OSM,DEMO-0101,SHIP-2608-000877,2026-08-10,GWB-2608-000319,GW-013,Parcel Select,14.50,0.00,10009,180
OSM,DEMO-0101,SHIP-2608-000878,2026-08-10,GWB-2608-000350,GW-009,Parcel Select,13.80,0.00,10009,180
EasyPost,DEMO-0101,SHIP-2608-000879,2026-08-10,GWB-2608-000443,GW-015,USPS Ground Advantage,8.05,0.00,10009,180
OSM,DEMO-0101,SHIP-2608-000880,2026-08-10,SGW-2608-000030,GW-005,Parcel Select,13.80,0.00,10009,180
OSM,DEMO-0101,SHIP-2608-000881,2026-08-11,SGW-2608-000076,GW-005,Parcel Select,13.68,0.00,10009,180
EasyPost,DEMO-0101,SHIP-2608-000882,2026-08-10,SGW-2608-000086,GW-012,USPS Priority,13.92,0.00,10009,180
Pitney Bowes,DEMO-0101,SHIP-2608-000883,2026-08-10,SGW-2608-000116,GW-018,USPS Ground Advantage,9.98,0.00,10009,180
OSM,DEMO-0101,SHIP-2608-000884,2026-08-10,SGW-2608-000192,GW-020,Parcel Select,7.33,0.00,10009,180
OSM,DEMO-0101,SHIP-2608-000885,2026-08-11,SGW-2608-000255,GW-007,Parcel Select,5.25,0.00,10009,180
OSM,DEMO-0101,SHIP-2608-000886,2026-08-10,SGW-2608-000260,GW-004,Parcel Select,6.67,0.00,10009,180
EasyPost,DEMO-0101,SHIP-2608-000887,2026-08-10,SGW-2608-000273,GW-023,USPS Priority,14.21,0.00,10009,180
OSM,DEMO-0101,SHIP-2608-000888,2026-08-10,SGW-2608-000282,GW-005,Parcel Select,3.76,0.00,10009,180
OSM,DEMO-0101,SHIP-2608-000889,2026-08-11,SGW-2608-000318,GW-009,Parcel Select,14.08,0.00,10009,180
OSM,DEMO-0101,SHIP-2608-000890,2026-08-10,SGW-2608-000329,GW-014,Parcel Select,9.29,2.92,10009,180
OSM,DEMO-0101,SHIP-2608-000891,2026-08-10,SGW-2608-000365,GW-002,Parcel Select,10.13,0.00,10009,180
EasyPost,DEMO-0101,SHIP-2608-000892,2026-08-11,SGW-2608-000403,GW-016,USPS Ground Advantage,12.02,0.00,10009,180
EasyPost,DEMO-0101,SHIP-2608-000893,2026-08-10,SGW-2608-000433,GW-014,USPS Ground Advantage,12.72,0.00,10009,180
OSM,DEMO-0101,SHIP-2608-000894,2026-08-10,SGW-2608-000459,GW-014,Parcel Select,9.15,0.48,10009,180
OSM,DEMO-0101,SHIP-2608-000895,2026-08-10,SGW-2608-000485,GW-024,Parcel Select,5.38,0.00,10009,180
OSM,DEMO-0101,SHIP-2608-000896,2026-08-10,SGW-2608-000487,GW-004,Parcel Select,10.82,0.00,10009,180
OSM,DEMO-0101,SHIP-2608-000897,2026-08-10,SGW-2608-000499,GW-011,Parcel Select,9.57,0.00,10009,180
OSM,DEMO-0101,SHIP-2608-000898,2026-08-11,SGW-2608-000561,GW-005,Parcel Select,12.19,0.00,10009,180
Pitney Bowes,DEMO-0101,SHIP-2608-000899,2026-08-10,SGW-2608-000620,GW-023,USPS Ground Advantage,13.58,0.00,10009,180
OSM,DEMO-0101,SHIP-2608-000900,2026-08-10,SGW-2608-000627,GW-008,Parcel Select,10.29,0.00,10009,180
EasyPost,DEMO-0101,SHIP-2608-000901,2026-08-10,SGW-2608-000703,GW-003,USPS Ground Advantage,3.67,0.00,10009,180
OSM,DEMO-0101,SHIP-2608-000902,2026-08-10,SGW-2608-000739,GW-004,Parcel Select,12.20,0.00,10009,180
EasyPost,DEMO-0101,SHIP-2608-000903,2026-08-10,SGW-2608-000749,GW-007,USPS Priority,4.90,0.00,10009,180
Pitney Bowes,DEMO-0101,SHIP-2608-000904,2026-08-10,SGW-2608-000759,GW-002,USPS Ground Advantage,6.93,0.00,10009,180
Pitney Bowes,DEMO-0101,SHIP-2608-000905,2026-08-10,SGW-2608-000833,GW-011,USPS Ground Advantage,14.73,0.00,10009,180
Pitney Bowes,DEMO-0101,SHIP-2608-000906,2026-08-11,SGW-2608-000859,GW-004,USPS Ground Advantage,6.88,0.00,10009,180
Pitney Bowes,DEMO-0101,SHIP-2608-000907,2026-08-10,SGW-2608-000927,GW-020,USPS Ground Advantage,5.77,0.00,10009,180
EasyPost,DEMO-0101,SHIP-2608-000908,2026-08-11,SGW-2608-000938,GW-013,USPS Priority,14.36,0.00,10009,180
OSM,DEMO-0101,SHIP-2608-000909,2026-08-10,SGW-2608-000963,GW-024,Parcel Select,6.59,0.00,10009,180
OSM,DEMO-0101,SHIP-2608-000910,2026-08-11,SGW-2608-000973,GW-022,Parcel Select,3.67,0.00,10009,180
OSM,DEMO-0101,SHIP-2608-000911,2026-08-10,SGW-2608-000981,GW-021,Parcel Select,5.66,0.00,10009,180
EasyPost,DEMO-0101,SHIP-2608-000912,2026-08-10,SGW-2608-001014,GW-022,USPS Ground Advantage,4.18,0.00,10009,180
OSM,DEMO-0101,SHIP-2608-000913,2026-08-10,SGW-2608-001027,GW-015,Parcel Select,5.79,0.00,10009,180
OSM,DEMO-0101,SHIP-2608-000914,2026-08-10,SGW-2608-001028,GW-015,Parcel Select,12.48,0.00,10009,180
Pitney Bowes,DEMO-0101,SHIP-2608-000915,2026-08-10,SGW-2608-001039,GW-013,USPS Ground Advantage,10.62,0.00,10009,180
Pitney Bowes,DEMO-0101,SHIP-2608-000916,2026-08-10,SGW-2608-001057,GW-020,USPS Ground Advantage,7.52,0.00,10009,180
EasyPost,DEMO-0101,SHIP-2608-000917,2026-08-11,SGW-2608-001084,GW-001,USPS Priority,8.42,0.00,10009,180
OSM,DEMO-0101,SHIP-2608-000918,2026-08-10,SGW-2608-001088,GW-006,Parcel Select,11.98,0.00,10009,180
OSM,DEMO-0101,SHIP-2608-000919,2026-08-10,SGW-2608-001138,GW-022,Parcel Select,13.90,0.00,10009,180
Pitney Bowes,DEMO-0101,SHIP-2608-000920,2026-08-12,SGW-2608-001162,GW-018,USPS Ground Advantage,11.96,0.00,10009,180
OSM,DEMO-0101,SHIP-2608-000921,2026-08-10,SGW-2608-001223,GW-006,Parcel Select,7.86,0.00,10009,180
Pitney Bowes,DEMO-0101,SHIP-2608-000922,2026-08-10,SGW-2608-001228,GW-008,USPS Ground Advantage,8.61,0.00,10009,180
OSM,DEMO-0101,SHIP-2608-000923,2026-08-10,SGW-2608-001260,GW-005,Parcel Select,10.07,0.00,10009,180
Pitney Bowes,DEMO-0101,SHIP-2608-000924,2026-08-10,SGW-2608-001276,GW-012,USPS Ground Advantage,4.19,0.00,10009,180
OSM,DEMO-0101,SHIP-2608-000925,2026-08-10,SGW-2608-001298,GW-008,Parcel Select,5.45,0.00,10009,180
OSM,DEMO-0101,SHIP-2608-000926,2026-08-10,SGW-2608-001309,GW-001,Parcel Select,4.65,0.00,10009,180
OSM,DEMO-0101,SHIP-2608-000927,2026-08-10,SGW-2608-001325,GW-016,Parcel Select,5.36,0.00,10009,180
OSM,DEMO-0101,SHIP-2608-000928,2026-08-10,SGW-2608-001330,GW-015,Parcel Select,13.43,0.00,10009,180
EasyPost,DEMO-0101,SHIP-2608-000929,2026-08-10,SGW-2608-001344,GW-006,USPS Ground Advantage,8.85,0.00,10009,180
Pitney Bowes,DEMO-0101,SHIP-2608-000930,2026-08-10,SGW-2608-001376,GW-005,USPS Ground Advantage,5.02,0.00,10009,180
OSM,DEMO-0101,SHIP-2608-000931,2026-08-10,SGW-2608-001391,GW-016,Parcel Select,4.65,0.00,10009,180
OSM,DEMO-0101,SHIP-2608-000932,2026-08-11,SGW-2608-001394,GW-010,Parcel Select,9.08,0.00,10009,180
OSM,DEMO-0101,SHIP-2608-000933,2026-08-12,SGW-2608-001433,GW-018,Parcel Select,5.88,0.00,10009,180
OSM,DEMO-0101,SHIP-2608-000934,2026-08-10,SGW-2608-001478,GW-006,Parcel Select,11.14,0.00,10009,180
EasyPost,DEMO-0101,SHIP-2608-000935,2026-08-10,SGW-2608-001490,GW-002,USPS Ground Advantage,4.11,0.00,10009,180
OSM,DEMO-0101,SHIP-2608-000936,2026-08-10,SGW-2608-001520,GW-001,Parcel Select,7.40,0.00,10009,180
EasyPost,DEMO-0101,SHIP-2608-000937,2026-08-12,SGW-2608-001542,GW-016,USPS Ground Advantage,13.85,0.00,10009,180
OSM,DEMO-0101,SHIP-2608-000938,2026-08-10,SGW-2608-001599,GW-005,Parcel Select,14.71,0.00,10009,180
Pitney Bowes,DEMO-0101,SHIP-2608-000939,2026-08-12,SGW-2608-001627,GW-022,USPS Ground Advantage,14.91,0.00,10009,180
EasyPost,DEMO-0101,SHIP-2608-000940,2026-08-10,SGW-2608-001633,GW-005,USPS Priority,6.49,0.00,10009,180
EasyPost,DEMO-0101,SHIP-2608-000941,2026-08-10,SGW-2608-001796,GW-012,USPS Priority,11.93,-1.60,10009,180
OSM,DEMO-0101,SHIP-2608-000942,2026-08-11,UP-2608-000108,GW-024,Parcel Select,13.83,0.00,10009,180
Pitney Bowes,DEMO-0101,SHIP-2608-000943,2026-08-13,UP-2608-000271,GW-016,USPS Ground Advantage,13.00,0.00,10009,180
OSM,DEMO-0101,SHIP-2608-000944,2026-08-10,UP-2608-000286,GW-001,Parcel Select,8.86,0.00,10009,180
OSM,DEMO-0101,SHIP-2608-000945,2026-08-12,UP-2608-000381,GW-022,Parcel Select,5.27,0.00,10009,180
OSM,DEMO-0101,SHIP-2608-000946,2026-08-10,UP-2608-000405,GW-002,Parcel Select,6.15,0.00,10009,180
OSM,DEMO-0101,SHIP-2608-000947,2026-08-10,UP-2608-000479,GW-022,Parcel Select,8.87,2.40,10009,180
OSM,DEMO-0101,SHIP-2608-000948,2026-08-10,UP-2608-000482,GW-005,Parcel Select,7.36,0.00,10009,180
OSM,DEMO-0101,SHIP-2608-000949,2026-08-10,UP-2608-000507,GW-018,Parcel Select,9.65,0.00,10009,180
OSM,DEMO-0101,SHIP-2608-000950,2026-08-10,UP-2608-000511,GW-009,Parcel Select,14.39,0.00,10009,180
OSM,DEMO-0101,SHIP-2608-000951,2026-08-10,UP-2608-000512,GW-018,Parcel Select,9.96,0.00,10009,180
OSM,DEMO-0101,SHIP-2608-000952,2026-08-10,UP-2608-000548,GW-009,Parcel Select,12.34,0.00,10009,180
Pitney Bowes,DEMO-0101,SHIP-2608-000953,2026-08-10,UP-2608-000648,GW-002,USPS Ground Advantage,15.06,0.00,10009,180
EasyPost,DEMO-0101,SHIP-2608-000954,2026-08-11,AMZ-2608-000065,GW-011,USPS Priority,9.39,0.00,10009,180
OSM,DEMO-0101,SHIP-2608-000955,2026-08-10,AMZ-2608-000071,GW-005,Parcel Select,5.23,0.00,10009,180
EasyPost,DEMO-0101,SHIP-2608-000956,2026-08-10,AMZ-2608-000102,GW-017,USPS Priority,9.58,0.00,10009,180
EasyPost,DEMO-0101,SHIP-2608-000957,2026-08-10,AMZ-2608-000143,GW-006,USPS Priority,12.86,0.00,10009,180
Pitney Bowes,DEMO-0101,SHIP-2608-000958,2026-08-11,AMZ-2608-000193,GW-006,USPS Ground Advantage,11.35,0.00,10009,180
OSM,DEMO-0101,SHIP-2608-000959,2026-08-10,AMZ-2608-000200,GW-001,Parcel Select,10.53,0.00,10009,180
EasyPost,DEMO-0101,SHIP-2608-000960,2026-08-12,AMZ-2608-000305,GW-010,USPS Ground Advantage,9.34,-0.56,10009,180
Pitney Bowes,DEMO-0101,SHIP-2608-000961,2026-08-11,AMZ-2608-000336,GW-016,USPS Ground Advantage,9.85,0.00,10009,180
EasyPost,DEMO-0101,SHIP-2608-000962,2026-08-11,AMZ-2608-000363,GW-008,USPS Priority,13.43,0.00,10009,180
Pitney Bowes,DEMO-0101,SHIP-2608-000963,2026-08-12,AMZ-2608-000382,GW-017,USPS Ground Advantage,14.15,0.00,10009,180
OSM,DEMO-0101,SHIP-2608-000964,2026-08-11,AMZ-2608-000392,GW-004,Parcel Select,10.63,0.00,10009,180
OSM,DEMO-0101,SHIP-2608-000965,2026-08-10,AMZ-2608-000398,GW-018,Parcel Select,11.03,0.00,10009,180
OSM,DEMO-0101,SHIP-2608-000966,2026-08-10,AMZ-2608-000411,GW-009,Parcel Select,7.57,0.00,10009,180
OSM,DEMO-0101,SHIP-2608-000967,2026-08-11,AMZ-2608-000436,GW-001,Parcel Select,9.22,0.00,10009,180
EasyPost,DEMO-0101,SHIP-2608-000968,2026-08-11,AMZ-2608-000441,GW-004,USPS Ground Advantage,8.73,0.00,10009,180
OSM,DEMO-0101,SHIP-2608-000969,2026-08-10,AMZ-2608-000477,GW-017,Parcel Select,12.77,0.00,10009,180
OSM,DEMO-0101,SHIP-2608-000970,2026-08-10,AMZ-2608-000522,GW-010,Parcel Select,12.43,0.00,10009,180
Pitney Bowes,DEMO-0101,SHIP-2608-000971,2026-08-11,AMZ-2608-000527,GW-002,USPS Ground Advantage,5.90,0.00,10009,180
OSM,DEMO-0101,SHIP-2608-000972,2026-08-11,AMZ-2608-000534,GW-016,Parcel Select,15.10,0.00,10009,180
Pitney Bowes,DEMO-0101,SHIP-2608-000973,2026-08-12,CM-2608-000023,GW-002,USPS Ground Advantage,5.99,0.00,10009,180
EasyPost,DEMO-0101,SHIP-2608-000974,2026-08-13,CM-2608-000024,GW-008,USPS Priority,6.10,2.10,10009,180
OSM,DEMO-0101,SHIP-2608-000975,2026-08-10,CM-2608-000195,GW-008,Parcel Select,4.46,0.00,10009,180
Pitney Bowes,DEMO-0101,SHIP-2608-000976,2026-08-10,CM-2608-000244,GW-002,USPS Ground Advantage,8.12,0.00,10009,180
OSM,DEMO-0101,SHIP-2608-000977,2026-08-10,CM-2608-000294,GW-024,Parcel Select,3.57,0.00,10009,180
EasyPost,DEMO-0101,SHIP-2608-000978,2026-08-10,CM-2608-000345,GW-016,USPS Ground Advantage,4.66,0.00,10009,180
OSM,DEMO-0101,SHIP-2608-000979,2026-08-10,CM-2608-000397,GW-008,Parcel Select,13.99,0.00,10009,180
OSM,DEMO-0101,SHIP-2608-000980,2026-08-11,CM-2608-000433,GW-008,Parcel Select,13.97,0.00,10009,180
Pitney Bowes,DEMO-0101,SHIP-2608-000981,2026-08-10,CM-2608-000466,GW-002,USPS Ground Advantage,13.69,0.00,10009,180
Pitney Bowes,DEMO-0101,SHIP-2608-000982,2026-08-10,EB-2608-000099,GW-009,USPS Ground Advantage,4.99,0.00,10009,180
Pitney Bowes,DEMO-0101,SHIP-2608-000983,2026-08-11,EB-2608-000127,GW-001,USPS Ground Advantage,5.10,0.00,10009,180
EasyPost,DEMO-0101,SHIP-2608-000984,2026-08-11,EB-2608-000171,GW-020,USPS Ground Advantage,12.15,0.00,10009,180
OSM,DEMO-0101,SHIP-2608-000985,2026-08-10,EB-2608-000205,GW-012,Parcel Select,7.76,0.00,10009,180
Pitney Bowes,DEMO-0101,SHIP-2608-000986,2026-08-11,EB-2608-000208,GW-004,USPS Ground Advantage,12.52,0.00,10009,180
OSM,DEMO-0101,SHIP-2608-000987,2026-08-13,EB-2608-000215,GW-012,Parcel Select,9.27,0.00,10009,180
EasyPost,DEMO-0101,SHIP-2608-000988,2026-08-14,EB-2608-000236,GW-009,USPS Ground Advantage,7.72,0.00,10009,180
OSM,DEMO-0101,SHIP-2608-000989,2026-08-11,EB-2608-000331,GW-022,Parcel Select,5.29,0.00,10009,180
OSM,DEMO-0101,SHIP-2608-000990,2026-08-13,EB-2608-000335,GW-014,Parcel Select,7.43,0.00,10009,180
OSM,DEMO-0101,SHIP-2608-000991,2026-08-13,EB-2608-000350,GW-009,Parcel Select,5.25,0.00,10009,180
OSM,DEMO-0101,SHIP-2608-000992,2026-08-12,EB-2608-000444,GW-008,Parcel Select,7.83,0.00,10009,180
Pitney Bowes,DEMO-0101,SHIP-2608-000993,2026-08-10,EB-2608-000458,GW-022,USPS Ground Advantage,5.17,0.00,10009,180
OSM,DEMO-0101,SHIP-2608-000994,2026-08-13,EB-2608-000471,GW-008,Parcel Select,11.53,0.26,10009,180
OSM,DEMO-0101,SHIP-2608-000995,2026-08-10,EB-2608-000503,GW-006,Parcel Select,10.79,0.00,10009,180
EasyPost,DEMO-0101,SHIP-2608-000996,2026-08-10,EB-2608-000592,GW-012,USPS Ground Advantage,10.44,0.00,10009,180
EasyPost,DEMO-0101,SHIP-2608-000997,2026-08-10,EB-2608-000624,GW-004,USPS Priority,11.74,0.00,10009,180
EasyPost,DEMO-0101,SHIP-2608-000998,2026-08-10,EB-2608-000658,GW-006,USPS Priority,10.42,0.00,10009,180
OSM,DEMO-0101,SHIP-2608-000999,2026-08-13,EB-2608-000663,GW-004,Parcel Select,12.10,0.00,10009,180
OSM,DEMO-0101,SHIP-2608-001000,2026-08-12,EB-2608-000679,GW-001,Parcel Select,12.74,0.00,10009,180
Pitney Bowes,DEMO-0101,SHIP-2608-001001,2026-08-10,EB-2608-000682,GW-021,USPS Ground Advantage,6.51,-1.97,10009,180
EasyPost,DEMO-0101,SHIP-2608-001002,2026-08-10,EB-2608-000717,GW-018,USPS Priority,13.63,0.00,10009,180
OSM,DEMO-0101,SHIP-2608-001003,2026-08-10,EB-2608-000722,GW-012,Parcel Select,11.85,0.00,10009,180
Pitney Bowes,DEMO-0101,SHIP-2608-001004,2026-08-11,EB-2608-000741,GW-004,USPS Ground Advantage,14.31,0.00,10009,180
OSM,DEMO-0101,SHIP-2608-001005,2026-08-13,EB-2608-000816,GW-012,Parcel Select,10.46,0.00,10009,180
EasyPost,DEMO-0101,SHIP-2608-001006,2026-08-12,EB-2608-000827,GW-016,USPS Priority,4.81,0.00,10009,180
OSM,DEMO-0101,SHIP-2608-001007,2026-08-11,EB-2608-000836,GW-024,Parcel Select,7.17,0.00,10009,180
OSM,DEMO-0101,SHIP-2608-001008,2026-08-10,GWB-2608-000015,GW-012,Parcel Select,5.75,0.00,10009,180
Pitney Bowes,DEMO-0101,SHIP-2608-001009,2026-08-11,GWB-2608-000035,GW-004,USPS Ground Advantage,8.87,0.00,10009,180
OSM,DEMO-0101,SHIP-2608-001010,2026-08-11,GWB-2608-000101,GW-002,Parcel Select,3.75,0.00,10009,180
EasyPost,DEMO-0101,SHIP-2608-001011,2026-08-10,GWB-2608-000106,GW-012,USPS Priority,4.67,0.00,10009,180
OSM,DEMO-0101,SHIP-2608-001012,2026-08-11,GWB-2608-000119,GW-019,Parcel Select,13.20,0.00,10009,180
Pitney Bowes,DEMO-0101,SHIP-2608-001013,2026-08-10,GWB-2608-000141,GW-007,USPS Ground Advantage,8.66,0.00,10009,180
Pitney Bowes,DEMO-0101,SHIP-2608-001014,2026-08-10,GWB-2608-000167,GW-004,USPS Ground Advantage,7.46,0.00,10009,180
Pitney Bowes,DEMO-0101,SHIP-2608-001015,2026-08-11,GWB-2608-000192,GW-011,USPS Ground Advantage,11.02,0.00,10009,180
OSM,DEMO-0101,SHIP-2608-001016,2026-08-10,GWB-2608-000221,GW-001,Parcel Select,13.69,0.00,10009,180
Pitney Bowes,DEMO-0101,SHIP-2608-001017,2026-08-12,GWB-2608-000279,GW-013,USPS Ground Advantage,8.19,0.00,10009,180
OSM,DEMO-0101,SHIP-2608-001018,2026-08-10,GWB-2608-000381,GW-008,Parcel Select,10.23,0.00,10009,180
OSM,DEMO-0101,SHIP-2608-001019,2026-08-13,GWB-2608-000437,GW-005,Parcel Select,8.14,0.00,10009,180
OSM,DEMO-0101,SHIP-2608-001020,2026-08-11,SGW-2608-000010,GW-014,Parcel Select,7.35,0.00,10009,180
Pitney Bowes,DEMO-0101,SHIP-2608-001021,2026-08-10,SGW-2608-000013,GW-008,USPS Ground Advantage,9.76,0.00,10009,180
Pitney Bowes,DEMO-0101,SHIP-2608-001022,2026-08-11,SGW-2608-000028,GW-007,USPS Ground Advantage,11.61,0.00,10009,180
EasyPost,DEMO-0101,SHIP-2608-001023,2026-08-14,SGW-2608-000035,GW-009,USPS Ground Advantage,4.83,0.00,10009,180
OSM,DEMO-0101,SHIP-2608-001024,2026-08-10,SGW-2608-000046,GW-004,Parcel Select,9.38,0.00,10009,180
EasyPost,DEMO-0101,SHIP-2608-001025,2026-08-10,SGW-2608-000177,GW-017,USPS Priority,12.06,0.00,10009,180
EasyPost,DEMO-0101,SHIP-2608-001026,2026-08-12,SGW-2608-000190,GW-011,USPS Priority,9.38,0.00,10009,180
OSM,DEMO-0101,SHIP-2608-001027,2026-08-10,SGW-2608-000220,GW-014,Parcel Select,9.22,0.00,10009,180
Pitney Bowes,DEMO-0101,SHIP-2608-001028,2026-08-14,SGW-2608-000242,GW-018,USPS Ground Advantage,3.55,0.00,10009,180
OSM,DEMO-0101,SHIP-2608-001029,2026-08-10,SGW-2608-000250,GW-001,Parcel Select,9.47,0.00,10009,180
OSM,DEMO-0101,SHIP-2608-001030,2026-08-10,SGW-2608-000284,GW-008,Parcel Select,10.58,0.00,10009,180
EasyPost,DEMO-0101,SHIP-2608-001031,2026-08-12,SGW-2608-000298,GW-020,USPS Priority,6.15,0.00,10009,180
OSM,DEMO-0101,SHIP-2608-001032,2026-08-10,SGW-2608-000370,GW-012,Parcel Select,11.24,0.00,10009,180
OSM,DEMO-0101,SHIP-2608-001033,2026-08-10,SGW-2608-000402,GW-008,Parcel Select,10.20,0.00,10009,180
OSM,DEMO-0101,SHIP-2608-001034,2026-08-11,SGW-2608-000474,GW-018,Parcel Select,7.85,0.00,10009,180
OSM,DEMO-0101,SHIP-2608-001035,2026-08-11,SGW-2608-000479,GW-006,Parcel Select,10.86,3.25,10009,180
OSM,DEMO-0101,SHIP-2608-001036,2026-08-13,SGW-2608-000513,GW-011,Parcel Select,6.61,0.00,10009,180
OSM,DEMO-0101,SHIP-2608-001037,2026-08-11,SGW-2608-000538,GW-020,Parcel Select,5.61,0.00,10009,180
Pitney Bowes,DEMO-0101,SHIP-2608-001038,2026-08-10,SGW-2608-000554,GW-020,USPS Ground Advantage,4.89,0.00,10009,180
EasyPost,DEMO-0101,SHIP-2608-001039,2026-08-12,SGW-2608-000575,GW-001,USPS Priority,8.21,0.00,10009,180
Pitney Bowes,DEMO-0101,SHIP-2608-001040,2026-08-11,SGW-2608-000586,GW-013,USPS Ground Advantage,3.67,0.00,10009,180
EasyPost,DEMO-0101,SHIP-2608-001041,2026-08-12,SGW-2608-000594,GW-008,USPS Priority,6.84,0.00,10009,180
OSM,DEMO-0101,SHIP-2608-001042,2026-08-10,SGW-2608-000604,GW-011,Parcel Select,8.50,0.00,10009,180
EasyPost,DEMO-0101,SHIP-2608-001043,2026-08-10,SGW-2608-000663,GW-012,USPS Ground Advantage,3.91,0.00,10009,180
Pitney Bowes,DEMO-0101,SHIP-2608-001044,2026-08-10,SGW-2608-000673,GW-012,USPS Ground Advantage,6.77,0.00,10009,180
Pitney Bowes,DEMO-0101,SHIP-2608-001045,2026-08-10,SGW-2608-000688,GW-002,USPS Ground Advantage,14.05,0.00,10009,180
EasyPost,DEMO-0101,SHIP-2608-001046,2026-08-11,SGW-2608-000697,GW-009,USPS Priority,7.02,0.00,10009,180
EasyPost,DEMO-0101,SHIP-2608-001047,2026-08-10,SGW-2608-000710,GW-021,USPS Priority,10.60,0.00,10009,180
Pitney Bowes,DEMO-0101,SHIP-2608-001048,2026-08-11,SGW-2608-000713,GW-008,USPS Ground Advantage,14.03,0.00,10009,180
OSM,DEMO-0101,SHIP-2608-001049,2026-08-10,SGW-2608-000838,GW-012,Parcel Select,9.45,0.00,10009,180
Pitney Bowes,DEMO-0101,SHIP-2608-001050,2026-08-11,SGW-2608-000872,GW-024,USPS Ground Advantage,6.24,0.00,10009,180
EasyPost,DEMO-0101,SHIP-2608-001051,2026-08-10,SGW-2608-000884,GW-020,USPS Priority,6.35,0.00,10009,180
EasyPost,DEMO-0101,SHIP-2608-001052,2026-08-10,SGW-2608-000923,GW-008,USPS Priority,8.94,0.00,10009,180
Pitney Bowes,DEMO-0101,SHIP-2608-001053,2026-08-11,SGW-2608-000985,GW-021,USPS Ground Advantage,7.99,1.36,10009,180
Pitney Bowes,DEMO-0101,SHIP-2608-001054,2026-08-10,SGW-2608-001022,GW-014,USPS Ground Advantage,12.69,0.00,10009,180
OSM,DEMO-0101,SHIP-2608-001055,2026-08-11,SGW-2608-001074,GW-001,Parcel Select,11.08,0.00,10009,180
Pitney Bowes,DEMO-0101,SHIP-2608-001056,2026-08-11,SGW-2608-001097,GW-017,USPS Ground Advantage,4.33,0.00,10009,180
OSM,DEMO-0101,SHIP-2608-001057,2026-08-12,SGW-2608-001287,GW-003,Parcel Select,13.40,0.00,10009,180
EasyPost,DEMO-0101,SHIP-2608-001058,2026-08-11,SGW-2608-001349,GW-010,USPS Ground Advantage,9.37,0.00,10009,180
EasyPost,DEMO-0101,SHIP-2608-001059,2026-08-10,SGW-2608-001370,GW-004,USPS Priority,7.35,0.00,10009,180
Pitney Bowes,DEMO-0101,SHIP-2608-001060,2026-08-12,SGW-2608-001405,GW-005,USPS Ground Advantage,14.04,0.00,10009,180
OSM,DEMO-0101,SHIP-2608-001061,2026-08-11,SGW-2608-001407,GW-001,Parcel Select,9.02,0.00,10009,180
EasyPost,DEMO-0101,SHIP-2608-001062,2026-08-10,SGW-2608-001484,GW-003,USPS Priority,11.72,0.00,10009,180
OSM,DEMO-0101,SHIP-2608-001063,2026-08-10,SGW-2608-001492,GW-009,Parcel Select,14.70,0.00,10009,180
OSM,DEMO-0101,SHIP-2608-001064,2026-08-12,SGW-2608-001494,GW-017,Parcel Select,9.51,0.00,10009,180
OSM,DEMO-0101,SHIP-2608-001065,2026-08-12,SGW-2608-001523,GW-001,Parcel Select,3.75,0.00,10009,180
OSM,DEMO-0101,SHIP-2608-001066,2026-08-10,SGW-2608-001539,GW-023,Parcel Select,8.97,0.00,10009,180
OSM,DEMO-0101,SHIP-2608-001067,2026-08-10,SGW-2608-001540,GW-006,Parcel Select,14.64,0.00,10009,180
Pitney Bowes,DEMO-0101,SHIP-2608-001068,2026-08-10,SGW-2608-001543,GW-014,USPS Ground Advantage,3.78,0.00,10009,180
Pitney Bowes,DEMO-0101,SHIP-2608-001069,2026-08-11,SGW-2608-001621,GW-012,USPS Ground Advantage,5.12,0.00,10009,180
OSM,DEMO-0101,SHIP-2608-001070,2026-08-12,SGW-2608-001698,GW-001,Parcel Select,11.63,0.00,10009,180
EasyPost,DEMO-0101,SHIP-2608-001071,2026-08-10,SGW-2608-001700,GW-008,USPS Ground Advantage,11.27,0.00,10009,180
OSM,DEMO-0101,SHIP-2608-001072,2026-08-11,SGW-2608-001754,GW-014,Parcel Select,11.05,0.00,10009,180
Pitney Bowes,DEMO-0101,SHIP-2608-001073,2026-08-12,SGW-2608-001761,GW-016,USPS Ground Advantage,5.63,0.00,10009,180
Pitney Bowes,DEMO-0101,SHIP-2608-001074,2026-08-10,SGW-2608-001785,GW-011,USPS Ground Advantage,6.37,0.00,10009,180
OSM,DEMO-0101,SHIP-2608-001075,2026-08-10,UP-2608-000054,GW-001,Parcel Select,11.43,0.00,10009,180
OSM,DEMO-0101,SHIP-2608-001076,2026-08-10,UP-2608-000067,GW-020,Parcel Select,12.69,0.71,10009,180
OSM,DEMO-0101,SHIP-2608-001077,2026-08-10,UP-2608-000071,GW-006,Parcel Select,9.21,0.00,10009,180
OSM,DEMO-0101,SHIP-2608-001078,2026-08-10,UP-2608-000078,GW-004,Parcel Select,6.63,0.00,10009,180
Pitney Bowes,DEMO-0101,SHIP-2608-001079,2026-08-11,UP-2608-000127,GW-015,USPS Ground Advantage,5.35,0.00,10009,180
OSM,DEMO-0101,SHIP-2608-001080,2026-08-10,UP-2608-000156,GW-020,Parcel Select,4.87,0.00,10009,180
OSM,DEMO-0101,SHIP-2608-001081,2026-08-10,UP-2608-000193,GW-024,Parcel Select,5.09,0.00,10009,180
OSM,DEMO-0101,SHIP-2608-001082,2026-08-10,UP-2608-000264,GW-008,Parcel Select,14.31,0.00,10009,180
OSM,DEMO-0101,SHIP-2608-001083,2026-08-10,UP-2608-000274,GW-018,Parcel Select,5.04,-1.44,10009,180
OSM,DEMO-0101,SHIP-2608-001084,2026-08-13,UP-2608-000325,GW-021,Parcel Select,6.74,0.00,10009,180
EasyPost,DEMO-0101,SHIP-2608-001085,2026-08-11,UP-2608-000348,GW-002,USPS Priority,13.21,0.00,10009,180
Pitney Bowes,DEMO-0101,SHIP-2608-001086,2026-08-10,UP-2608-000398,GW-015,USPS Ground Advantage,8.13,0.00,10009,180
EasyPost,DEMO-0101,SHIP-2608-001087,2026-08-12,UP-2608-000415,GW-022,USPS Priority,14.84,0.00,10009,180
Pitney Bowes,DEMO-0101,SHIP-2608-001088,2026-08-12,UP-2608-000564,GW-009,USPS Ground Advantage,11.03,0.00,10009,180
EasyPost,DEMO-0101,SHIP-2608-001089,2026-08-12,UP-2608-000604,GW-014,USPS Priority,9.99,0.00,10009,180
EasyPost,DEMO-0101,SHIP-2608-001090,2026-08-10,UP-2608-000631,GW-021,USPS Ground Advantage,9.21,0.00,10009,180
OSM,DEMO-0101,SHIP-2608-001091,2026-08-12,UP-2608-000645,GW-020,Parcel Select,4.11,0.00,10009,180
Pitney Bowes,DEMO-0101,SHIP-2608-001092,2026-08-11,AMZ-2608-000013,GW-013,USPS Ground Advantage,3.99,0.00,10009,180
EasyPost,DEMO-0101,SHIP-2608-001093,2026-08-13,AMZ-2608-000066,GW-011,USPS Ground Advantage,14.43,0.00,10009,180
OSM,DEMO-0101,SHIP-2608-001094,2026-08-12,AMZ-2608-000106,GW-012,Parcel Select,6.43,0.00,10009,180
OSM,DEMO-0101,SHIP-2608-001095,2026-08-14,AMZ-2608-000157,GW-016,Parcel Select,6.07,0.00,10009,180
Pitney Bowes,DEMO-0101,SHIP-2608-001096,2026-08-13,AMZ-2608-000190,GW-021,USPS Ground Advantage,8.58,0.00,10009,180
Pitney Bowes,DEMO-0101,SHIP-2608-001097,2026-08-11,AMZ-2608-000266,GW-017,USPS Ground Advantage,4.53,0.00,10009,180
Pitney Bowes,DEMO-0101,SHIP-2608-001098,2026-08-11,AMZ-2608-000268,GW-004,USPS Ground Advantage,14.71,0.00,10009,180
EasyPost,DEMO-0101,SHIP-2608-001099,2026-08-12,AMZ-2608-000276,GW-011,USPS Priority,11.52,0.00,10009,180
EasyPost,DEMO-0101,SHIP-2608-001100,2026-08-11,AMZ-2608-000543,GW-009,USPS Ground Advantage,8.62,0.00,10009,180
EasyPost,DEMO-0101,SHIP-2608-001101,2026-08-12,AMZ-2608-000578,GW-006,USPS Ground Advantage,3.74,0.00,10009,180
Pitney Bowes,DEMO-0101,SHIP-2608-001102,2026-08-12,AMZ-2608-000596,GW-009,USPS Ground Advantage,11.62,0.00,10009,180
OSM,DEMO-0101,SHIP-2608-001103,2026-08-12,CM-2608-000014,GW-022,Parcel Select,11.89,0.00,10009,180
EasyPost,DEMO-0101,SHIP-2608-001104,2026-08-11,CM-2608-000101,GW-022,USPS Priority,4.71,0.00,10009,180
EasyPost,DEMO-0101,SHIP-2608-001105,2026-08-11,CM-2608-000113,GW-004,USPS Priority,5.11,0.00,10009,180
OSM,DEMO-0101,SHIP-2608-001106,2026-08-14,CM-2608-000125,GW-021,Parcel Select,5.47,0.00,10009,180
OSM,DEMO-0101,SHIP-2608-001107,2026-08-11,CM-2608-000224,GW-021,Parcel Select,6.34,0.00,10009,180
OSM,DEMO-0101,SHIP-2608-001108,2026-08-12,CM-2608-000321,GW-008,Parcel Select,8.75,0.00,10009,180
EasyPost,DEMO-0101,SHIP-2608-001109,2026-08-11,CM-2608-000435,GW-020,USPS Priority,8.59,0.00,10009,180
Pitney Bowes,DEMO-0101,SHIP-2608-001110,2026-08-12,CM-2608-000447,GW-012,USPS Ground Advantage,8.85,0.00,10009,180
OSM,DEMO-0101,SHIP-2608-001111,2026-08-11,CM-2608-000479,GW-017,Parcel Select,14.97,0.00,10009,180
Pitney Bowes,DEMO-0101,SHIP-2608-001112,2026-08-11,EB-2608-000047,GW-024,USPS Ground Advantage,13.86,0.00,10009,180
OSM,DEMO-0101,SHIP-2608-001113,2026-08-12,EB-2608-000052,GW-020,Parcel Select,5.81,0.00,10009,180
OSM,DEMO-0101,SHIP-2608-001114,2026-08-11,EB-2608-000063,GW-023,Parcel Select,9.10,0.00,10009,180
OSM,DEMO-0101,SHIP-2608-001115,2026-08-11,EB-2608-000082,GW-004,Parcel Select,13.22,0.00,10009,180
OSM,DEMO-0101,SHIP-2608-001116,2026-08-12,EB-2608-000194,GW-004,Parcel Select,14.75,0.00,10009,180
Pitney Bowes,DEMO-0101,SHIP-2608-001117,2026-08-13,EB-2608-000253,GW-005,USPS Ground Advantage,14.95,0.00,10009,180
Pitney Bowes,DEMO-0101,SHIP-2608-001118,2026-08-13,EB-2608-000300,GW-017,USPS Ground Advantage,14.07,0.00,10009,180
OSM,DEMO-0101,SHIP-2608-001119,2026-08-11,EB-2608-000314,GW-011,Parcel Select,4.70,0.00,10009,180
OSM,DEMO-0101,SHIP-2608-001120,2026-08-14,EB-2608-000445,GW-019,Parcel Select,7.58,0.00,10009,180
OSM,DEMO-0101,SHIP-2608-001121,2026-08-14,EB-2608-000457,GW-024,Parcel Select,11.80,0.00,10009,180
OSM,DEMO-0101,SHIP-2608-001122,2026-08-12,EB-2608-000554,GW-009,Parcel Select,6.54,0.00,10009,180
EasyPost,DEMO-0101,SHIP-2608-001123,2026-08-11,EB-2608-000570,GW-014,USPS Priority,7.57,0.00,10009,180
EasyPost,DEMO-0101,SHIP-2608-001124,2026-08-12,EB-2608-000571,GW-018,USPS Priority,14.97,0.00,10009,180
OSM,DEMO-0101,SHIP-2608-001125,2026-08-12,EB-2608-000719,GW-002,Parcel Select,8.52,0.00,10009,180
OSM,DEMO-0101,SHIP-2608-001126,2026-08-12,EB-2608-000758,GW-004,Parcel Select,7.25,0.00,10009,180
OSM,DEMO-0101,SHIP-2608-001127,2026-08-11,EB-2608-000834,GW-008,Parcel Select,9.86,0.00,10009,180
OSM,DEMO-0101,SHIP-2608-001128,2026-08-13,EB-2608-000875,GW-011,Parcel Select,8.15,0.00,10009,180
EasyPost,DEMO-0101,SHIP-2608-001129,2026-08-14,GWB-2608-000018,GW-001,USPS Ground Advantage,11.34,0.00,10009,180
OSM,DEMO-0101,SHIP-2608-001130,2026-08-13,GWB-2608-000031,GW-001,Parcel Select,11.32,0.00,10009,180
OSM,DEMO-0101,SHIP-2608-001131,2026-08-14,GWB-2608-000043,GW-004,Parcel Select,6.63,0.00,10009,180
Pitney Bowes,DEMO-0101,SHIP-2608-001132,2026-08-11,GWB-2608-000056,GW-007,USPS Ground Advantage,3.59,0.00,10009,180
Pitney Bowes,DEMO-0101,SHIP-2608-001133,2026-08-14,GWB-2608-000059,GW-018,USPS Ground Advantage,7.35,0.00,10009,180
EasyPost,DEMO-0101,SHIP-2608-001134,2026-08-13,GWB-2608-000112,GW-022,USPS Priority,8.29,0.00,10009,180
OSM,DEMO-0101,SHIP-2608-001135,2026-08-11,GWB-2608-000294,GW-012,Parcel Select,3.73,0.00,10009,180
EasyPost,DEMO-0101,SHIP-2608-001136,2026-08-12,GWB-2608-000369,GW-008,USPS Priority,12.42,0.00,10009,180
OSM,DEMO-0101,SHIP-2608-001137,2026-08-11,GWB-2608-000373,GW-021,Parcel Select,14.50,0.00,10009,180
OSM,DEMO-0101,SHIP-2608-001138,2026-08-11,SGW-2608-000059,GW-020,Parcel Select,14.79,0.00,10009,180
Pitney Bowes,DEMO-0101,SHIP-2608-001139,2026-08-13,SGW-2608-000071,GW-003,USPS Ground Advantage,13.62,0.00,10009,180
EasyPost,DEMO-0101,SHIP-2608-001140,2026-08-12,SGW-2608-000082,GW-009,USPS Priority,13.33,0.00,10009,180
OSM,DEMO-0101,SHIP-2608-001141,2026-08-11,SGW-2608-000140,GW-009,Parcel Select,4.72,0.00,10009,180
OSM,DEMO-0101,SHIP-2608-001142,2026-08-12,SGW-2608-000151,GW-017,Parcel Select,9.45,0.00,10009,180
EasyPost,DEMO-0101,SHIP-2608-001143,2026-08-11,SGW-2608-000160,GW-008,USPS Ground Advantage,14.53,0.00,10009,180
OSM,DEMO-0101,SHIP-2608-001144,2026-08-11,SGW-2608-000210,GW-018,Parcel Select,11.42,0.00,10009,180
Pitney Bowes,DEMO-0101,SHIP-2608-001145,2026-08-17,SGW-2608-000243,GW-014,USPS Ground Advantage,10.83,0.00,10009,180
Pitney Bowes,DEMO-0101,SHIP-2608-001146,2026-08-11,SGW-2608-000340,GW-011,USPS Ground Advantage,14.84,0.00,10009,180
OSM,DEMO-0101,SHIP-2608-001147,2026-08-12,SGW-2608-000378,GW-022,Parcel Select,14.09,0.00,10009,180
OSM,DEMO-0101,SHIP-2608-001148,2026-08-11,SGW-2608-000464,GW-012,Parcel Select,5.94,0.00,10009,180
EasyPost,DEMO-0101,SHIP-2608-001149,2026-08-11,SGW-2608-000514,GW-022,USPS Ground Advantage,7.71,0.00,10009,180
OSM,DEMO-0101,SHIP-2608-001150,2026-08-12,SGW-2608-000520,GW-001,Parcel Select,13.68,0.00,10009,180
EasyPost,DEMO-0101,SHIP-2608-001151,2026-08-11,SGW-2608-000565,GW-016,USPS Ground Advantage,11.12,0.00,10009,180
OSM,DEMO-0101,SHIP-2608-001152,2026-08-11,SGW-2608-000682,GW-012,Parcel Select,3.86,0.00,10009,180
OSM,DEMO-0101,SHIP-2608-001153,2026-08-11,SGW-2608-000840,GW-020,Parcel Select,5.96,0.00,10009,180
OSM,DEMO-0101,SHIP-2608-001154,2026-08-17,SGW-2608-000857,GW-012,Parcel Select,6.14,0.00,10009,180
OSM,DEMO-0101,SHIP-2608-001155,2026-08-11,SGW-2608-000890,GW-016,Parcel Select,5.13,0.00,10009,180
EasyPost,DEMO-0101,SHIP-2608-001156,2026-08-13,SGW-2608-000914,GW-018,USPS Ground Advantage,8.14,0.00,10009,180
OSM,DEMO-0101,SHIP-2608-001157,2026-08-11,SGW-2608-000937,GW-002,Parcel Select,9.81,0.00,10009,180
Pitney Bowes,DEMO-0101,SHIP-2608-001158,2026-08-11,SGW-2608-000951,GW-006,USPS Ground Advantage,8.79,0.00,10009,180
OSM,DEMO-0101,SHIP-2608-001159,2026-08-13,SGW-2608-000966,GW-009,Parcel Select,7.81,0.00,10009,180
OSM,DEMO-0101,SHIP-2608-001160,2026-08-12,SGW-2608-000991,GW-015,Parcel Select,13.24,0.00,10009,180
Pitney Bowes,DEMO-0101,SHIP-2608-001161,2026-08-11,SGW-2608-001010,GW-012,USPS Ground Advantage,12.46,0.00,10009,180
OSM,DEMO-0101,SHIP-2608-001162,2026-08-11,SGW-2608-001012,GW-002,Parcel Select,12.02,0.00,10009,180
EasyPost,DEMO-0101,SHIP-2608-001163,2026-08-13,SGW-2608-001072,GW-009,USPS Ground Advantage,13.60,0.00,10009,180
Pitney Bowes,DEMO-0101,SHIP-2608-001164,2026-08-11,SGW-2608-001079,GW-020,USPS Ground Advantage,14.22,0.00,10009,180
Pitney Bowes,DEMO-0101,SHIP-2608-001165,2026-08-12,SGW-2608-001098,GW-009,USPS Ground Advantage,5.51,0.00,10009,180
Pitney Bowes,DEMO-0101,SHIP-2608-001166,2026-08-13,SGW-2608-001217,GW-021,USPS Ground Advantage,14.79,0.00,10009,180
EasyPost,DEMO-0101,SHIP-2608-001167,2026-08-12,SGW-2608-001227,GW-015,USPS Ground Advantage,12.18,0.00,10009,180
OSM,DEMO-0101,SHIP-2608-001168,2026-08-11,SGW-2608-001255,GW-004,Parcel Select,5.12,0.00,10009,180
OSM,DEMO-0101,SHIP-2608-001169,2026-08-11,SGW-2608-001295,GW-004,Parcel Select,7.00,0.00,10009,180
OSM,DEMO-0101,SHIP-2608-001170,2026-08-14,SGW-2608-001322,GW-008,Parcel Select,5.63,0.00,10009,180
OSM,DEMO-0101,SHIP-2608-001171,2026-08-12,SGW-2608-001324,GW-010,Parcel Select,10.76,0.00,10009,180
EasyPost,DEMO-0101,SHIP-2608-001172,2026-08-11,SGW-2608-001378,GW-017,USPS Ground Advantage,9.29,0.00,10009,180
OSM,DEMO-0101,SHIP-2608-001173,2026-08-13,SGW-2608-001432,GW-018,Parcel Select,10.33,0.00,10009,180
EasyPost,DEMO-0101,SHIP-2608-001174,2026-08-12,SGW-2608-001555,GW-002,USPS Priority,4.39,0.00,10009,180
OSM,DEMO-0101,SHIP-2608-001175,2026-08-12,SGW-2608-001634,GW-001,Parcel Select,12.01,-0.41,10009,180
OSM,DEMO-0101,SHIP-2608-001176,2026-08-12,SGW-2608-001794,GW-008,Parcel Select,10.70,0.00,10009,180
Pitney Bowes,DEMO-0101,SHIP-2608-001177,2026-08-11,UP-2608-000009,GW-001,USPS Ground Advantage,13.87,0.00,10009,180
OSM,DEMO-0101,SHIP-2608-001178,2026-08-11,UP-2608-000126,GW-012,Parcel Select,13.09,0.00,10009,180
EasyPost,DEMO-0101,SHIP-2608-001179,2026-08-12,UP-2608-000165,GW-020,USPS Ground Advantage,12.51,0.00,10009,180
Pitney Bowes,DEMO-0101,SHIP-2608-001180,2026-08-13,UP-2608-000186,GW-009,USPS Ground Advantage,4.62,0.00,10009,180
OSM,DEMO-0101,SHIP-2608-001181,2026-08-13,UP-2608-000285,GW-011,Parcel Select,3.75,0.00,10009,180
Pitney Bowes,DEMO-0101,SHIP-2608-001182,2026-08-12,UP-2608-000294,GW-004,USPS Ground Advantage,5.80,0.00,10009,180
EasyPost,DEMO-0101,SHIP-2608-001183,2026-08-13,UP-2608-000302,GW-006,USPS Ground Advantage,12.62,0.00,10009,180
EasyPost,DEMO-0101,SHIP-2608-001184,2026-08-12,UP-2608-000327,GW-024,USPS Priority,11.29,0.00,10009,180
Pitney Bowes,DEMO-0101,SHIP-2608-001185,2026-08-11,UP-2608-000340,GW-007,USPS Ground Advantage,4.99,0.00,10009,180
EasyPost,DEMO-0101,SHIP-2608-001186,2026-08-12,UP-2608-000394,GW-018,USPS Ground Advantage,3.51,0.00,10009,180
EasyPost,DEMO-0101,SHIP-2608-001187,2026-08-11,UP-2608-000426,GW-022,USPS Priority,11.38,0.00,10009,180
Pitney Bowes,DEMO-0101,SHIP-2608-001188,2026-08-13,UP-2608-000454,GW-008,USPS Ground Advantage,9.53,0.00,10009,180
Pitney Bowes,DEMO-0101,SHIP-2608-001189,2026-08-12,UP-2608-000540,GW-015,USPS Ground Advantage,8.81,0.00,10009,180
OSM,DEMO-0101,SHIP-2608-001190,2026-08-12,UP-2608-000610,GW-006,Parcel Select,8.02,0.00,10009,180
OSM,DEMO-0101,SHIP-2608-001191,2026-08-13,UP-2608-000628,GW-002,Parcel Select,9.63,0.00,10009,180
EasyPost,DEMO-0101,SHIP-2608-001192,2026-08-12,UP-2608-000629,GW-007,USPS Ground Advantage,12.93,0.00,10009,180
OSM,DEMO-0101,SHIP-2608-001193,2026-08-12,AMZ-2608-000016,GW-008,Parcel Select,5.86,0.00,10009,180
Pitney Bowes,DEMO-0101,SHIP-2608-001194,2026-08-17,AMZ-2608-000026,GW-009,USPS Ground Advantage,9.60,0.00,10009,180
OSM,DEMO-0101,SHIP-2608-001195,2026-08-12,AMZ-2608-000170,GW-013,Parcel Select,5.66,0.00,10009,180
OSM,DEMO-0101,SHIP-2608-001196,2026-08-17,AMZ-2608-000183,GW-010,Parcel Select,7.54,0.00,10009,180
Pitney Bowes,DEMO-0101,SHIP-2608-001197,2026-08-12,AMZ-2608-000195,GW-017,USPS Ground Advantage,10.39,0.00,10009,180
EasyPost,DEMO-0101,SHIP-2608-001198,2026-08-12,AMZ-2608-000264,GW-009,USPS Priority,13.77,0.00,10009,180
OSM,DEMO-0101,SHIP-2608-001199,2026-08-17,AMZ-2608-000321,GW-011,Parcel Select,13.07,0.00,10009,180
Pitney Bowes,DEMO-0101,SHIP-2608-001200,2026-08-13,AMZ-2608-000359,GW-011,USPS Ground Advantage,9.88,0.00,10009,180
EasyPost,DEMO-0101,SHIP-2608-001201,2026-08-12,AMZ-2608-000371,GW-024,USPS Ground Advantage,9.46,0.00,10009,180
Pitney Bowes,DEMO-0101,SHIP-2608-001202,2026-08-17,AMZ-2608-000419,GW-011,USPS Ground Advantage,6.08,0.00,10009,180
OSM,DEMO-0101,SHIP-2608-001203,2026-08-12,AMZ-2608-000440,GW-024,Parcel Select,9.05,0.00,10009,180
OSM,DEMO-0101,SHIP-2608-001204,2026-08-12,AMZ-2608-000485,GW-009,Parcel Select,4.84,0.00,10009,180
Pitney Bowes,DEMO-0101,SHIP-2608-001205,2026-08-13,AMZ-2608-000537,GW-001,USPS Ground Advantage,8.63,0.00,10009,180
Pitney Bowes,DEMO-0101,SHIP-2608-001206,2026-08-12,AMZ-2608-000635,GW-012,USPS Ground Advantage,4.57,0.00,10009,180
OSM,DEMO-0101,SHIP-2608-001207,2026-08-12,CM-2608-000097,GW-023,Parcel Select,12.06,2.51,10009,180
Pitney Bowes,DEMO-0101,SHIP-2608-001208,2026-08-13,CM-2608-000242,GW-004,USPS Ground Advantage,8.42,0.00,10009,180
OSM,DEMO-0101,SHIP-2608-001209,2026-08-12,CM-2608-000336,GW-004,Parcel Select,9.93,0.00,10009,180
EasyPost,DEMO-0101,SHIP-2608-001210,2026-08-13,CM-2608-000356,GW-020,USPS Ground Advantage,13.86,0.00,10009,180
Pitney Bowes,DEMO-0101,SHIP-2608-001211,2026-08-12,CM-2608-000362,GW-001,USPS Ground Advantage,10.61,3.13,10009,180
OSM,DEMO-0101,SHIP-2608-001212,2026-08-13,CM-2608-000370,GW-023,Parcel Select,4.95,0.00,10009,180
OSM,DEMO-0101,SHIP-2608-001213,2026-08-12,CM-2608-000391,GW-022,Parcel Select,9.21,0.00,10009,180
OSM,DEMO-0101,SHIP-2608-001214,2026-08-13,CM-2608-000467,GW-018,Parcel Select,11.37,0.00,10009,180
OSM,DEMO-0101,SHIP-2608-001215,2026-08-14,EB-2608-000042,GW-020,Parcel Select,7.06,0.00,10009,180
OSM,DEMO-0101,SHIP-2608-001216,2026-08-12,EB-2608-000073,GW-016,Parcel Select,4.49,0.00,10009,180
OSM,DEMO-0101,SHIP-2608-001217,2026-08-13,EB-2608-000172,GW-007,Parcel Select,3.69,0.00,10009,180
EasyPost,DEMO-0101,SHIP-2608-001218,2026-08-12,EB-2608-000189,GW-024,USPS Priority,13.93,0.00,10009,180
EasyPost,DEMO-0101,SHIP-2608-001219,2026-08-13,EB-2608-000230,GW-024,USPS Priority,11.14,0.00,10009,180
EasyPost,DEMO-0101,SHIP-2608-001220,2026-08-14,EB-2608-000234,GW-009,USPS Ground Advantage,10.35,0.00,10009,180
OSM,DEMO-0101,SHIP-2608-001221,2026-08-13,EB-2608-000241,GW-012,Parcel Select,9.96,0.00,10009,180
Pitney Bowes,DEMO-0101,SHIP-2608-001222,2026-08-12,EB-2608-000304,GW-018,USPS Ground Advantage,14.58,0.00,10009,180
EasyPost,DEMO-0101,SHIP-2608-001223,2026-08-17,EB-2608-000376,GW-009,USPS Priority,11.78,0.00,10009,180
OSM,DEMO-0101,SHIP-2608-001224,2026-08-12,EB-2608-000383,GW-004,Parcel Select,4.71,0.00,10009,180
OSM,DEMO-0101,SHIP-2608-001225,2026-08-12,EB-2608-000398,GW-002,Parcel Select,6.79,0.00,10009,180
OSM,DEMO-0101,SHIP-2608-001226,2026-08-12,EB-2608-000478,GW-008,Parcel Select,10.36,0.00,10009,180
EasyPost,DEMO-0101,SHIP-2608-001227,2026-08-13,EB-2608-000566,GW-018,USPS Priority,9.48,0.40,10009,180
EasyPost,DEMO-0101,SHIP-2608-001228,2026-08-17,EB-2608-000668,GW-017,USPS Priority,13.54,0.00,10009,180
OSM,DEMO-0101,SHIP-2608-001229,2026-08-12,EB-2608-000674,GW-024,Parcel Select,14.03,0.00,10009,180
Pitney Bowes,DEMO-0101,SHIP-2608-001230,2026-08-13,EB-2608-000754,GW-001,USPS Ground Advantage,13.17,0.00,10009,180
EasyPost,DEMO-0101,SHIP-2608-001231,2026-08-17,EB-2608-000770,GW-008,USPS Priority,12.34,0.00,10009,180
OSM,DEMO-0101,SHIP-2608-001232,2026-08-12,EB-2608-000859,GW-002,Parcel Select,9.83,0.00,10009,180
Pitney Bowes,DEMO-0101,SHIP-2608-001233,2026-08-12,EB-2608-000863,GW-003,USPS Ground Advantage,9.45,0.00,10009,180
OSM,DEMO-0101,SHIP-2608-001234,2026-08-13,GWB-2608-000013,GW-008,Parcel Select,10.02,0.00,10009,180
OSM,DEMO-0101,SHIP-2608-001235,2026-08-12,GWB-2608-000020,GW-017,Parcel Select,11.81,0.00,10009,180
OSM,DEMO-0101,SHIP-2608-001236,2026-08-12,GWB-2608-000052,GW-016,Parcel Select,12.81,0.00,10009,180
OSM,DEMO-0101,SHIP-2608-001237,2026-08-12,GWB-2608-000205,GW-022,Parcel Select,5.09,0.00,10009,180
OSM,DEMO-0101,SHIP-2608-001238,2026-08-17,GWB-2608-000237,GW-002,Parcel Select,12.21,-1.28,10009,180
Pitney Bowes,DEMO-0101,SHIP-2608-001239,2026-08-12,GWB-2608-000253,GW-008,USPS Ground Advantage,15.12,0.00,10009,180
EasyPost,DEMO-0101,SHIP-2608-001240,2026-08-12,GWB-2608-000288,GW-006,USPS Priority,14.45,0.00,10009,180
OSM,DEMO-0101,SHIP-2608-001241,2026-08-12,GWB-2608-000409,GW-017,Parcel Select,12.36,0.00,10009,180
OSM,DEMO-0101,SHIP-2608-001242,2026-08-12,GWB-2608-000416,GW-011,Parcel Select,7.09,0.00,10009,180
Pitney Bowes,DEMO-0101,SHIP-2608-001243,2026-08-12,SGW-2608-000006,GW-006,USPS Ground Advantage,5.26,0.00,10009,180
Pitney Bowes,DEMO-0101,SHIP-2608-001244,2026-08-12,SGW-2608-000025,GW-016,USPS Ground Advantage,12.57,0.00,10009,180
Pitney Bowes,DEMO-0101,SHIP-2608-001245,2026-08-12,SGW-2608-000070,GW-017,USPS Ground Advantage,14.99,0.00,10009,180
EasyPost,DEMO-0101,SHIP-2608-001246,2026-08-14,SGW-2608-000090,GW-011,USPS Ground Advantage,14.71,0.00,10009,180
EasyPost,DEMO-0101,SHIP-2608-001247,2026-08-13,SGW-2608-000165,GW-012,USPS Ground Advantage,11.07,0.00,10009,180
OSM,DEMO-0101,SHIP-2608-001248,2026-08-17,SGW-2608-000195,GW-008,Parcel Select,8.34,0.00,10009,180
OSM,DEMO-0101,SHIP-2608-001249,2026-08-14,SGW-2608-000306,GW-012,Parcel Select,14.78,0.00,10009,180
Pitney Bowes,DEMO-0101,SHIP-2608-001250,2026-08-12,SGW-2608-000345,GW-019,USPS Ground Advantage,14.18,0.00,10009,180
OSM,DEMO-0101,SHIP-2608-001251,2026-08-14,SGW-2608-000383,GW-009,Parcel Select,8.26,0.00,10009,180
Pitney Bowes,DEMO-0101,SHIP-2608-001252,2026-08-13,SGW-2608-000482,GW-017,USPS Ground Advantage,4.98,0.00,10009,180
OSM,DEMO-0101,SHIP-2608-001253,2026-08-12,SGW-2608-000537,GW-008,Parcel Select,10.59,3.40,10009,180
EasyPost,DEMO-0101,SHIP-2608-001254,2026-08-14,SGW-2608-000609,GW-009,USPS Ground Advantage,7.02,0.00,10009,180
OSM,DEMO-0101,SHIP-2608-001255,2026-08-12,SGW-2608-000643,GW-004,Parcel Select,5.64,0.76,10009,180
Pitney Bowes,DEMO-0101,SHIP-2608-001256,2026-08-12,SGW-2608-000705,GW-006,USPS Ground Advantage,6.60,0.00,10009,180
OSM,DEMO-0101,SHIP-2608-001257,2026-08-13,SGW-2608-000785,GW-014,Parcel Select,13.74,0.00,10009,180
Pitney Bowes,DEMO-0101,SHIP-2608-001258,2026-08-12,SGW-2608-000841,GW-001,USPS Ground Advantage,3.52,0.00,10009,180
OSM,DEMO-0101,SHIP-2608-001259,2026-08-14,SGW-2608-000867,GW-004,Parcel Select,8.22,0.00,10009,180
OSM,DEMO-0101,SHIP-2608-001260,2026-08-12,SGW-2608-000934,GW-022,Parcel Select,9.39,0.00,10009,180
OSM,DEMO-0101,SHIP-2608-001261,2026-08-12,SGW-2608-000974,GW-001,Parcel Select,12.75,0.00,10009,180
OSM,DEMO-0101,SHIP-2608-001262,2026-08-13,SGW-2608-001115,GW-004,Parcel Select,7.03,0.00,10009,180
Pitney Bowes,DEMO-0101,SHIP-2608-001263,2026-08-14,SGW-2608-001143,GW-014,USPS Ground Advantage,9.40,0.00,10009,180
OSM,DEMO-0101,SHIP-2608-001264,2026-08-12,SGW-2608-001152,GW-017,Parcel Select,9.45,0.00,10009,180
OSM,DEMO-0101,SHIP-2608-001265,2026-08-13,SGW-2608-001159,GW-020,Parcel Select,3.79,0.00,10009,180
EasyPost,DEMO-0101,SHIP-2608-001266,2026-08-13,SGW-2608-001168,GW-013,USPS Priority,5.53,0.00,10009,180
OSM,DEMO-0101,SHIP-2608-001267,2026-08-12,SGW-2608-001183,GW-017,Parcel Select,13.00,0.00,10009,180
OSM,DEMO-0101,SHIP-2608-001268,2026-08-17,SGW-2608-001334,GW-001,Parcel Select,4.57,0.00,10009,180
EasyPost,DEMO-0101,SHIP-2608-001269,2026-08-13,SGW-2608-001336,GW-006,USPS Ground Advantage,13.70,0.00,10009,180
Pitney Bowes,DEMO-0101,SHIP-2608-001270,2026-08-14,SGW-2608-001339,GW-020,USPS Ground Advantage,5.33,-0.24,10009,180
OSM,DEMO-0101,SHIP-2608-001271,2026-08-12,SGW-2608-001347,GW-005,Parcel Select,14.70,0.00,10009,180
EasyPost,DEMO-0101,SHIP-2608-001272,2026-08-12,SGW-2608-001350,GW-004,USPS Priority,15.07,0.00,10009,180
OSM,DEMO-0101,SHIP-2608-001273,2026-08-12,SGW-2608-001440,GW-018,Parcel Select,11.62,0.00,10009,180
EasyPost,DEMO-0101,SHIP-2608-001274,2026-08-14,SGW-2608-001474,GW-015,USPS Ground Advantage,5.46,0.00,10009,180
Pitney Bowes,DEMO-0101,SHIP-2608-001275,2026-08-12,SGW-2608-001519,GW-012,USPS Ground Advantage,4.13,2.48,10009,180
Pitney Bowes,DEMO-0101,SHIP-2608-001276,2026-08-12,SGW-2608-001626,GW-015,USPS Ground Advantage,13.19,0.00,10009,180
EasyPost,DEMO-0101,SHIP-2608-001277,2026-08-17,SGW-2608-001683,GW-004,USPS Priority,7.66,0.00,10009,180
OSM,DEMO-0101,SHIP-2608-001278,2026-08-13,SGW-2608-001723,GW-017,Parcel Select,14.33,0.00,10009,180
OSM,DEMO-0101,SHIP-2608-001279,2026-08-13,SGW-2608-001732,GW-011,Parcel Select,9.04,0.00,10009,180
Pitney Bowes,DEMO-0101,SHIP-2608-001280,2026-08-13,SGW-2608-001740,GW-016,USPS Ground Advantage,9.21,0.00,10009,180
OSM,DEMO-0101,SHIP-2608-001281,2026-08-12,SGW-2608-001759,GW-005,Parcel Select,8.06,0.00,10009,180
Pitney Bowes,DEMO-0101,SHIP-2608-001282,2026-08-14,SGW-2608-001793,GW-020,USPS Ground Advantage,3.75,-1.26,10009,180
Pitney Bowes,DEMO-0101,SHIP-2608-001283,2026-08-12,UP-2608-000047,GW-016,USPS Ground Advantage,5.81,0.00,10009,180
Pitney Bowes,DEMO-0101,SHIP-2608-001284,2026-08-14,UP-2608-000052,GW-012,USPS Ground Advantage,12.48,0.00,10009,180
Pitney Bowes,DEMO-0101,SHIP-2608-001285,2026-08-12,UP-2608-000083,GW-016,USPS Ground Advantage,4.51,0.00,10009,180
Pitney Bowes,DEMO-0101,SHIP-2608-001286,2026-08-14,UP-2608-000100,GW-002,USPS Ground Advantage,12.91,0.00,10009,180
OSM,DEMO-0101,SHIP-2608-001287,2026-08-13,UP-2608-000159,GW-021,Parcel Select,14.47,0.00,10009,180
EasyPost,DEMO-0101,SHIP-2608-001288,2026-08-12,UP-2608-000196,GW-013,USPS Ground Advantage,14.50,0.00,10009,180
Pitney Bowes,DEMO-0101,SHIP-2608-001289,2026-08-13,UP-2608-000199,GW-002,USPS Ground Advantage,10.14,0.00,10009,180
OSM,DEMO-0101,SHIP-2608-001290,2026-08-14,UP-2608-000231,GW-021,Parcel Select,4.25,0.00,10009,180
OSM,DEMO-0101,SHIP-2608-001291,2026-08-12,UP-2608-000246,GW-017,Parcel Select,7.83,0.00,10009,180
EasyPost,DEMO-0101,SHIP-2608-001292,2026-08-12,UP-2608-000258,GW-002,USPS Ground Advantage,12.14,0.00,10009,180
OSM,DEMO-0101,SHIP-2608-001293,2026-08-17,UP-2608-000259,GW-003,Parcel Select,13.99,0.00,10009,180
OSM,DEMO-0101,SHIP-2608-001294,2026-08-12,UP-2608-000299,GW-012,Parcel Select,4.81,0.00,10009,180
OSM,DEMO-0101,SHIP-2608-001295,2026-08-17,UP-2608-000369,GW-015,Parcel Select,12.60,0.00,10009,180
EasyPost,DEMO-0101,SHIP-2608-001296,2026-08-12,UP-2608-000396,GW-002,USPS Priority,11.82,0.00,10009,180
OSM,DEMO-0101,SHIP-2608-001297,2026-08-17,UP-2608-000425,GW-022,Parcel Select,13.85,-0.94,10009,180
OSM,DEMO-0101,SHIP-2608-001298,2026-08-13,UP-2608-000458,GW-012,Parcel Select,4.71,0.00,10009,180
OSM,DEMO-0101,SHIP-2608-001299,2026-08-12,UP-2608-000555,GW-005,Parcel Select,6.80,0.00,10009,180
OSM,DEMO-0101,SHIP-2608-001300,2026-08-12,UP-2608-000573,GW-001,Parcel Select,6.83,0.00,10009,180
EasyPost,DEMO-0101,SHIP-2608-001301,2026-08-13,UP-2608-000649,GW-018,USPS Priority,8.68,0.00,10009,180
Pitney Bowes,DEMO-0101,SHIP-2608-001302,2026-08-17,AMZ-2608-000042,GW-002,USPS Ground Advantage,8.25,0.00,10009,180
Pitney Bowes,DEMO-0101,SHIP-2608-001303,2026-08-17,AMZ-2608-000083,GW-004,USPS Ground Advantage,11.40,0.00,10009,180
OSM,DEMO-0101,SHIP-2608-001304,2026-08-14,AMZ-2608-000091,GW-015,Parcel Select,6.42,0.00,10009,180
OSM,DEMO-0101,SHIP-2608-001305,2026-08-13,AMZ-2608-000135,GW-009,Parcel Select,13.12,0.00,10009,180
OSM,DEMO-0101,SHIP-2608-001306,2026-08-14,AMZ-2608-000289,GW-001,Parcel Select,5.83,0.00,10009,180
OSM,DEMO-0101,SHIP-2608-001307,2026-08-13,AMZ-2608-000508,GW-001,Parcel Select,4.59,0.00,10009,180
EasyPost,DEMO-0101,SHIP-2608-001308,2026-08-13,AMZ-2608-000518,GW-022,USPS Priority,4.89,0.00,10009,180
OSM,DEMO-0101,SHIP-2608-001309,2026-08-14,AMZ-2608-000588,GW-014,Parcel Select,13.66,0.00,10009,180
OSM,DEMO-0101,SHIP-2608-001310,2026-08-17,AMZ-2608-000629,GW-016,Parcel Select,6.79,0.00,10009,180
OSM,DEMO-0101,SHIP-2608-001311,2026-08-13,CM-2608-000028,GW-012,Parcel Select,14.89,0.00,10009,180
Pitney Bowes,DEMO-0101,SHIP-2608-001312,2026-08-13,CM-2608-000075,GW-020,USPS Ground Advantage,7.78,0.00,10009,180
OSM,DEMO-0101,SHIP-2608-001313,2026-08-14,CM-2608-000081,GW-015,Parcel Select,5.17,0.00,10009,180
Pitney Bowes,DEMO-0101,SHIP-2608-001314,2026-08-13,CM-2608-000146,GW-001,USPS Ground Advantage,11.42,0.00,10009,180
EasyPost,DEMO-0101,SHIP-2608-001315,2026-08-13,CM-2608-000165,GW-006,USPS Priority,8.98,0.00,10009,180
OSM,DEMO-0101,SHIP-2608-001316,2026-08-14,CM-2608-000274,GW-024,Parcel Select,6.15,0.00,10009,180
OSM,DEMO-0101,SHIP-2608-001317,2026-08-13,CM-2608-000297,GW-004,Parcel Select,7.16,0.00,10009,180
Pitney Bowes,DEMO-0101,SHIP-2608-001318,2026-08-13,CM-2608-000369,GW-012,USPS Ground Advantage,5.85,0.00,10009,180
Pitney Bowes,DEMO-0101,SHIP-2608-001319,2026-08-13,CM-2608-000396,GW-013,USPS Ground Advantage,7.09,0.00,10009,180
OSM,DEMO-0101,SHIP-2608-001320,2026-08-14,CM-2608-000423,GW-021,Parcel Select,10.43,0.00,10009,180
OSM,DEMO-0101,SHIP-2608-001321,2026-08-17,CM-2608-000465,GW-005,Parcel Select,14.19,0.00,10009,180
OSM,DEMO-0101,SHIP-2608-001322,2026-08-14,EB-2608-000009,GW-014,Parcel Select,13.40,0.00,10009,180
Pitney Bowes,DEMO-0101,SHIP-2608-001323,2026-08-14,EB-2608-000048,GW-024,USPS Ground Advantage,13.86,0.00,10009,180
Pitney Bowes,DEMO-0101,SHIP-2608-001324,2026-08-13,EB-2608-000197,GW-012,USPS Ground Advantage,6.79,0.00,10009,180
OSM,DEMO-0101,SHIP-2608-001325,2026-08-13,EB-2608-000200,GW-008,Parcel Select,9.44,0.00,10009,180
OSM,DEMO-0101,SHIP-2608-001326,2026-08-13,EB-2608-000214,GW-016,Parcel Select,7.58,0.00,10009,180
OSM,DEMO-0101,SHIP-2608-001327,2026-08-13,EB-2608-000217,GW-010,Parcel Select,6.09,0.00,10009,180
Pitney Bowes,DEMO-0101,SHIP-2608-001328,2026-08-13,EB-2608-000364,GW-015,USPS Ground Advantage,5.68,0.00,10009,180
OSM,DEMO-0101,SHIP-2608-001329,2026-08-13,EB-2608-000419,GW-007,Parcel Select,14.47,0.00,10009,180
Pitney Bowes,DEMO-0101,SHIP-2608-001330,2026-08-13,EB-2608-000483,GW-012,USPS Ground Advantage,12.94,0.00,10009,180
Pitney Bowes,DEMO-0101,SHIP-2608-001331,2026-08-17,EB-2608-000497,GW-004,USPS Ground Advantage,12.48,0.00,10009,180
OSM,DEMO-0101,SHIP-2608-001332,2026-08-14,EB-2608-000521,GW-017,Parcel Select,5.16,0.00,10009,180
OSM,DEMO-0101,SHIP-2608-001333,2026-08-17,EB-2608-000529,GW-004,Parcel Select,10.33,0.00,10009,180
OSM,DEMO-0101,SHIP-2608-001334,2026-08-13,EB-2608-000548,GW-020,Parcel Select,7.59,0.00,10009,180
OSM,DEMO-0101,SHIP-2608-001335,2026-08-14,EB-2608-000553,GW-017,Parcel Select,8.15,0.00,10009,180
Pitney Bowes,DEMO-0101,SHIP-2608-001336,2026-08-17,EB-2608-000648,GW-015,USPS Ground Advantage,13.71,0.00,10009,180
Pitney Bowes,DEMO-0101,SHIP-2608-001337,2026-08-13,EB-2608-000706,GW-020,USPS Ground Advantage,11.84,0.00,10009,180
EasyPost,DEMO-0101,SHIP-2608-001338,2026-08-13,EB-2608-000708,GW-002,USPS Priority,9.75,0.00,10009,180
OSM,DEMO-0101,SHIP-2608-001339,2026-08-17,EB-2608-000712,GW-006,Parcel Select,11.85,0.00,10009,180
Pitney Bowes,DEMO-0101,SHIP-2608-001340,2026-08-13,EB-2608-000740,GW-024,USPS Ground Advantage,5.44,0.00,10009,180
OSM,DEMO-0101,SHIP-2608-001341,2026-08-17,EB-2608-000760,GW-007,Parcel Select,9.29,0.00,10009,180
OSM,DEMO-0101,SHIP-2608-001342,2026-08-14,EB-2608-000838,GW-012,Parcel Select,14.91,0.00,10009,180
EasyPost,DEMO-0101,SHIP-2608-001343,2026-08-13,EB-2608-000872,GW-001,USPS Priority,5.01,0.00,10009,180
EasyPost,DEMO-0101,SHIP-2608-001344,2026-08-14,GWB-2608-000045,GW-012,USPS Priority,12.36,0.00,10009,180
OSM,DEMO-0101,SHIP-2608-001345,2026-08-13,GWB-2608-000063,GW-016,Parcel Select,8.02,0.00,10009,180
OSM,DEMO-0101,SHIP-2608-001346,2026-08-17,GWB-2608-000108,GW-010,Parcel Select,3.58,0.00,10009,180
Pitney Bowes,DEMO-0101,SHIP-2608-001347,2026-08-13,GWB-2608-000126,GW-004,USPS Ground Advantage,8.15,0.00,10009,180
Pitney Bowes,DEMO-0101,SHIP-2608-001348,2026-08-13,GWB-2608-000135,GW-016,USPS Ground Advantage,5.20,0.00,10009,180
OSM,DEMO-0101,SHIP-2608-001349,2026-08-14,GWB-2608-000161,GW-011,Parcel Select,5.17,0.00,10009,180
OSM,DEMO-0101,SHIP-2608-001350,2026-08-13,GWB-2608-000171,GW-020,Parcel Select,5.02,0.00,10009,180
OSM,DEMO-0101,SHIP-2608-001351,2026-08-17,GWB-2608-000194,GW-013,Parcel Select,10.84,0.00,10009,180
EasyPost,DEMO-0101,SHIP-2608-001352,2026-08-13,GWB-2608-000207,GW-016,USPS Priority,5.99,0.00,10009,180
Pitney Bowes,DEMO-0101,SHIP-2608-001353,2026-08-13,GWB-2608-000338,GW-002,USPS Ground Advantage,6.34,0.00,10009,180
Pitney Bowes,DEMO-0101,SHIP-2608-001354,2026-08-14,GWB-2608-000374,GW-021,USPS Ground Advantage,4.59,0.00,10009,180
OSM,DEMO-0101,SHIP-2608-001355,2026-08-13,GWB-2608-000376,GW-001,Parcel Select,14.12,0.00,10009,180
Pitney Bowes,DEMO-0101,SHIP-2608-001356,2026-08-14,SGW-2608-000019,GW-007,USPS Ground Advantage,5.47,0.00,10009,180
Pitney Bowes,DEMO-0101,SHIP-2608-001357,2026-08-13,SGW-2608-000027,GW-018,USPS Ground Advantage,12.83,0.00,10009,180
OSM,DEMO-0101,SHIP-2608-001358,2026-08-17,SGW-2608-000053,GW-005,Parcel Select,5.85,0.00,10009,180
OSM,DEMO-0101,SHIP-2608-001359,2026-08-13,SGW-2608-000056,GW-017,Parcel Select,8.97,0.00,10009,180
EasyPost,DEMO-0101,SHIP-2608-001360,2026-08-14,SGW-2608-000084,GW-010,USPS Priority,10.65,0.00,10009,180
OSM,DEMO-0101,SHIP-2608-001361,2026-08-13,SGW-2608-000202,GW-021,Parcel Select,4.78,0.00,10009,180
OSM,DEMO-0101,SHIP-2608-001362,2026-08-13,SGW-2608-000208,GW-002,Parcel Select,4.65,0.24,10009,180
Pitney Bowes,DEMO-0101,SHIP-2608-001363,2026-08-13,SGW-2608-000240,GW-002,USPS Ground Advantage,6.81,0.00,10009,180
Pitney Bowes,DEMO-0101,SHIP-2608-001364,2026-08-13,SGW-2608-000289,GW-012,USPS Ground Advantage,4.81,0.00,10009,180
OSM,DEMO-0101,SHIP-2608-001365,2026-08-13,SGW-2608-000330,GW-011,Parcel Select,5.37,0.00,10009,180
OSM,DEMO-0101,SHIP-2608-001366,2026-08-14,SGW-2608-000396,GW-012,Parcel Select,12.50,0.00,10009,180
Pitney Bowes,DEMO-0101,SHIP-2608-001367,2026-08-13,SGW-2608-000420,GW-009,USPS Ground Advantage,4.91,0.00,10009,180
OSM,DEMO-0101,SHIP-2608-001368,2026-08-14,SGW-2608-000467,GW-024,Parcel Select,12.97,0.00,10009,180
OSM,DEMO-0101,SHIP-2608-001369,2026-08-17,SGW-2608-000559,GW-017,Parcel Select,13.84,0.00,10009,180
OSM,DEMO-0101,SHIP-2608-001370,2026-08-14,SGW-2608-000600,GW-001,Parcel Select,4.22,0.00,10009,180
Pitney Bowes,DEMO-0101,SHIP-2608-001371,2026-08-13,SGW-2608-000619,GW-004,USPS Ground Advantage,12.74,0.00,10009,180
Pitney Bowes,DEMO-0101,SHIP-2608-001372,2026-08-14,SGW-2608-000625,GW-002,USPS Ground Advantage,4.56,0.00,10009,180
OSM,DEMO-0101,SHIP-2608-001373,2026-08-17,SGW-2608-000712,GW-008,Parcel Select,11.09,0.00,10009,180
OSM,DEMO-0101,SHIP-2608-001374,2026-08-13,SGW-2608-000723,GW-011,Parcel Select,11.43,0.00,10009,180
EasyPost,DEMO-0101,SHIP-2608-001375,2026-08-13,SGW-2608-000891,GW-005,USPS Ground Advantage,10.58,0.00,10009,180
Pitney Bowes,DEMO-0101,SHIP-2608-001376,2026-08-13,SGW-2608-000902,GW-020,USPS Ground Advantage,10.67,0.00,10009,180
OSM,DEMO-0101,SHIP-2608-001377,2026-08-13,SGW-2608-000987,GW-019,Parcel Select,11.72,0.00,10009,180
Pitney Bowes,DEMO-0101,SHIP-2608-001378,2026-08-13,SGW-2608-000999,GW-008,USPS Ground Advantage,14.17,0.00,10009,180
OSM,DEMO-0101,SHIP-2608-001379,2026-08-13,SGW-2608-001096,GW-012,Parcel Select,14.35,0.00,10009,180
Pitney Bowes,DEMO-0101,SHIP-2608-001380,2026-08-13,SGW-2608-001232,GW-016,USPS Ground Advantage,7.12,0.00,10009,180
EasyPost,DEMO-0101,SHIP-2608-001381,2026-08-14,SGW-2608-001263,GW-014,USPS Priority,11.20,0.00,10009,180
Pitney Bowes,DEMO-0101,SHIP-2608-001382,2026-08-13,SGW-2608-001270,GW-001,USPS Ground Advantage,8.21,0.00,10009,180
OSM,DEMO-0101,SHIP-2608-001383,2026-08-13,SGW-2608-001418,GW-014,Parcel Select,8.15,0.00,10009,180
Pitney Bowes,DEMO-0101,SHIP-2608-001384,2026-08-14,SGW-2608-001420,GW-024,USPS Ground Advantage,7.91,0.00,10009,180
EasyPost,DEMO-0101,SHIP-2608-001385,2026-08-14,SGW-2608-001470,GW-010,USPS Ground Advantage,12.79,0.00,10009,180
Pitney Bowes,DEMO-0101,SHIP-2608-001386,2026-08-17,SGW-2608-001501,GW-022,USPS Ground Advantage,7.17,0.00,10009,180
Pitney Bowes,DEMO-0101,SHIP-2608-001387,2026-08-14,SGW-2608-001525,GW-012,USPS Ground Advantage,7.03,0.00,10009,180
Pitney Bowes,DEMO-0101,SHIP-2608-001388,2026-08-14,SGW-2608-001561,GW-017,USPS Ground Advantage,8.10,0.00,10009,180
EasyPost,DEMO-0101,SHIP-2608-001389,2026-08-13,SGW-2608-001743,GW-004,USPS Priority,10.83,0.00,10009,180
OSM,DEMO-0101,SHIP-2608-001390,2026-08-13,SGW-2608-001770,GW-015,Parcel Select,12.50,0.00,10009,180
OSM,DEMO-0101,SHIP-2608-001391,2026-08-17,SGW-2608-001777,GW-006,Parcel Select,13.53,2.49,10009,180
EasyPost,DEMO-0101,SHIP-2608-001392,2026-08-13,UP-2608-000022,GW-004,USPS Ground Advantage,8.66,0.00,10009,180
OSM,DEMO-0101,SHIP-2608-001393,2026-08-13,UP-2608-000036,GW-018,Parcel Select,4.26,0.00,10009,180
OSM,DEMO-0101,SHIP-2608-001394,2026-08-13,UP-2608-000139,GW-004,Parcel Select,4.63,0.00,10009,180
Pitney Bowes,DEMO-0101,SHIP-2608-001395,2026-08-14,UP-2608-000190,GW-011,USPS Ground Advantage,8.95,0.00,10009,180
EasyPost,DEMO-0101,SHIP-2608-001396,2026-08-17,UP-2608-000226,GW-002,USPS Priority,15.20,0.00,10009,180
OSM,DEMO-0101,SHIP-2608-001397,2026-08-17,UP-2608-000390,GW-012,Parcel Select,14.94,0.00,10009,180
OSM,DEMO-0101,SHIP-2608-001398,2026-08-14,UP-2608-000395,GW-017,Parcel Select,8.32,0.00,10009,180
OSM,DEMO-0101,SHIP-2608-001399,2026-08-17,UP-2608-000434,GW-010,Parcel Select,7.70,0.00,10009,180
OSM,DEMO-0101,SHIP-2608-001400,2026-08-13,UP-2608-000445,GW-001,Parcel Select,5.74,0.00,10009,180
EasyPost,DEMO-0101,SHIP-2608-001401,2026-08-13,UP-2608-000509,GW-021,USPS Priority,5.84,0.00,10009,180
EasyPost,DEMO-0101,SHIP-2608-001402,2026-08-17,UP-2608-000525,GW-004,USPS Priority,11.31,0.00,10009,180
OSM,DEMO-0101,SHIP-2608-001403,2026-08-17,UP-2608-000576,GW-001,Parcel Select,15.11,0.00,10009,180
OSM,DEMO-0101,SHIP-2608-001404,2026-08-13,UP-2608-000623,GW-018,Parcel Select,9.04,0.00,10009,180
OSM,DEMO-0101,SHIP-2608-001405,2026-08-14,UP-2608-000627,GW-018,Parcel Select,10.37,0.00,10009,180
OSM,DEMO-0101,SHIP-2608-001406,2026-08-17,AMZ-2608-000047,GW-002,Parcel Select,7.96,0.00,10009,180
OSM,DEMO-0101,SHIP-2608-001407,2026-08-14,AMZ-2608-000068,GW-006,Parcel Select,13.05,1.77,10009,180
OSM,DEMO-0101,SHIP-2608-001408,2026-08-17,AMZ-2608-000084,GW-015,Parcel Select,9.98,0.00,10009,180
Pitney Bowes,DEMO-0101,SHIP-2608-001409,2026-08-17,AMZ-2608-000087,GW-012,USPS Ground Advantage,10.73,0.00,10009,180
EasyPost,DEMO-0101,SHIP-2608-001410,2026-08-17,AMZ-2608-000113,GW-012,USPS Ground Advantage,5.04,0.00,10009,180
OSM,DEMO-0101,SHIP-2608-001411,2026-08-14,AMZ-2608-000152,GW-016,Parcel Select,9.43,0.00,10009,180
Pitney Bowes,DEMO-0101,SHIP-2608-001412,2026-08-17,AMZ-2608-000219,GW-009,USPS Ground Advantage,6.30,0.00,10009,180
OSM,DEMO-0101,SHIP-2608-001413,2026-08-14,AMZ-2608-000243,GW-015,Parcel Select,7.48,0.00,10009,180
OSM,DEMO-0101,SHIP-2608-001414,2026-08-14,AMZ-2608-000298,GW-011,Parcel Select,5.92,0.00,10009,180
OSM,DEMO-0101,SHIP-2608-001415,2026-08-17,AMZ-2608-000320,GW-017,Parcel Select,4.15,0.00,10009,180
Pitney Bowes,DEMO-0101,SHIP-2608-001416,2026-08-17,AMZ-2608-000334,GW-011,USPS Ground Advantage,11.72,0.00,10009,180
Pitney Bowes,DEMO-0101,SHIP-2608-001417,2026-08-17,AMZ-2608-000353,GW-011,USPS Ground Advantage,13.41,0.00,10009,180
EasyPost,DEMO-0101,SHIP-2608-001418,2026-08-17,AMZ-2608-000368,GW-004,USPS Ground Advantage,9.51,0.00,10009,180
OSM,DEMO-0101,SHIP-2608-001419,2026-08-14,AMZ-2608-000458,GW-010,Parcel Select,5.50,0.00,10009,180
OSM,DEMO-0101,SHIP-2608-001420,2026-08-14,AMZ-2608-000519,GW-011,Parcel Select,3.73,0.00,10009,180
OSM,DEMO-0101,SHIP-2608-001421,2026-08-17,AMZ-2608-000555,GW-021,Parcel Select,5.28,0.00,10009,180
OSM,DEMO-0101,SHIP-2608-001422,2026-08-14,CM-2608-000050,GW-007,Parcel Select,13.47,0.00,10009,180
OSM,DEMO-0101,SHIP-2608-001423,2026-08-17,CM-2608-000212,GW-008,Parcel Select,5.84,0.00,10009,180
OSM,DEMO-0101,SHIP-2608-001424,2026-08-17,CM-2608-000232,GW-003,Parcel Select,12.46,0.00,10009,180
Pitney Bowes,DEMO-0101,SHIP-2608-001425,2026-08-17,CM-2608-000250,GW-018,USPS Ground Advantage,7.42,0.00,10009,180
OSM,DEMO-0101,SHIP-2608-001426,2026-08-17,CM-2608-000271,GW-023,Parcel Select,14.95,0.00,10009,180
OSM,DEMO-0101,SHIP-2608-001427,2026-08-17,CM-2608-000276,GW-020,Parcel Select,12.64,0.00,10009,180
Pitney Bowes,DEMO-0101,SHIP-2608-001428,2026-08-14,CM-2608-000333,GW-007,USPS Ground Advantage,5.61,0.00,10009,180
OSM,DEMO-0101,SHIP-2608-001429,2026-08-14,CM-2608-000337,GW-023,Parcel Select,4.67,0.00,10009,180
Pitney Bowes,DEMO-0101,SHIP-2608-001430,2026-08-17,CM-2608-000347,GW-009,USPS Ground Advantage,10.55,0.00,10009,180
OSM,DEMO-0101,SHIP-2608-001431,2026-08-14,CM-2608-000439,GW-016,Parcel Select,3.86,0.00,10009,180
Pitney Bowes,DEMO-0101,SHIP-2608-001432,2026-08-17,CM-2608-000478,GW-016,USPS Ground Advantage,7.94,0.00,10009,180
Pitney Bowes,DEMO-0101,SHIP-2608-001433,2026-08-17,EB-2608-000049,GW-015,USPS Ground Advantage,13.39,0.00,10009,180
OSM,DEMO-0101,SHIP-2608-001434,2026-08-14,EB-2608-000159,GW-008,Parcel Select,11.63,0.00,10009,180
Pitney Bowes,DEMO-0101,SHIP-2608-001435,2026-08-14,EB-2608-000175,GW-021,USPS Ground Advantage,11.30,0.00,10009,180
OSM,DEMO-0101,SHIP-2608-001436,2026-08-14,EB-2608-000277,GW-003,Parcel Select,8.80,0.00,10009,180
Pitney Bowes,DEMO-0101,SHIP-2608-001437,2026-08-14,EB-2608-000338,GW-011,USPS Ground Advantage,6.48,0.00,10009,180
EasyPost,DEMO-0101,SHIP-2608-001438,2026-08-14,EB-2608-000354,GW-012,USPS Priority,13.37,0.00,10009,180
EasyPost,DEMO-0101,SHIP-2608-001439,2026-08-14,EB-2608-000370,GW-017,USPS Priority,6.56,0.00,10009,180
OSM,DEMO-0101,SHIP-2608-001440,2026-08-14,EB-2608-000373,GW-024,Parcel Select,3.57,0.00,10009,180
OSM,DEMO-0101,SHIP-2608-001441,2026-08-17,EB-2608-000401,GW-006,Parcel Select,7.72,0.00,10009,180
OSM,DEMO-0101,SHIP-2608-001442,2026-08-18,EB-2608-000404,GW-012,Parcel Select,6.79,0.00,10009,180
EasyPost,DEMO-0101,SHIP-2608-001443,2026-08-17,EB-2608-000414,GW-015,USPS Priority,6.11,0.00,10009,180
OSM,DEMO-0101,SHIP-2608-001444,2026-08-14,EB-2608-000427,GW-017,Parcel Select,9.48,0.00,10009,180
OSM,DEMO-0101,SHIP-2608-001445,2026-08-14,EB-2608-000463,GW-001,Parcel Select,8.30,0.00,10009,180
EasyPost,DEMO-0101,SHIP-2608-001446,2026-08-14,EB-2608-000545,GW-009,USPS Priority,6.66,0.00,10009,180
Pitney Bowes,DEMO-0101,SHIP-2608-001447,2026-08-14,EB-2608-000576,GW-021,USPS Ground Advantage,14.89,0.00,10009,180
EasyPost,DEMO-0101,SHIP-2608-001448,2026-08-17,EB-2608-000639,GW-004,USPS Priority,12.03,0.00,10009,180
OSM,DEMO-0101,SHIP-2608-001449,2026-08-14,EB-2608-000771,GW-008,Parcel Select,13.10,0.00,10009,180
OSM,DEMO-0101,SHIP-2608-001450,2026-08-17,EB-2608-000810,GW-010,Parcel Select,9.14,0.00,10009,180
Pitney Bowes,DEMO-0101,SHIP-2608-001451,2026-08-14,GWB-2608-000066,GW-003,USPS Ground Advantage,4.21,0.00,10009,180
Pitney Bowes,DEMO-0101,SHIP-2608-001452,2026-08-17,GWB-2608-000090,GW-021,USPS Ground Advantage,10.74,0.00,10009,180
Pitney Bowes,DEMO-0101,SHIP-2608-001453,2026-08-14,GWB-2608-000103,GW-004,USPS Ground Advantage,12.42,0.00,10009,180
Pitney Bowes,DEMO-0101,SHIP-2608-001454,2026-08-14,GWB-2608-000134,GW-018,USPS Ground Advantage,3.72,0.00,10009,180
Pitney Bowes,DEMO-0101,SHIP-2608-001455,2026-08-14,GWB-2608-000142,GW-008,USPS Ground Advantage,13.25,0.00,10009,180
EasyPost,DEMO-0101,SHIP-2608-001456,2026-08-14,GWB-2608-000184,GW-021,USPS Ground Advantage,11.37,0.00,10009,180
Pitney Bowes,DEMO-0101,SHIP-2608-001457,2026-08-14,GWB-2608-000188,GW-006,USPS Ground Advantage,4.50,0.00,10009,180
EasyPost,DEMO-0101,SHIP-2608-001458,2026-08-14,GWB-2608-000297,GW-009,USPS Priority,7.49,0.00,10009,180
Pitney Bowes,DEMO-0101,SHIP-2608-001459,2026-08-17,GWB-2608-000414,GW-001,USPS Ground Advantage,7.23,0.00,10009,180
Pitney Bowes,DEMO-0101,SHIP-2608-001460,2026-08-17,SGW-2608-000061,GW-005,USPS Ground Advantage,15.05,0.00,10009,180
OSM,DEMO-0101,SHIP-2608-001461,2026-08-17,SGW-2608-000096,GW-004,Parcel Select,7.51,0.00,10009,180
Pitney Bowes,DEMO-0101,SHIP-2608-001462,2026-08-14,SGW-2608-000212,GW-007,USPS Ground Advantage,9.72,0.00,10009,180
Pitney Bowes,DEMO-0101,SHIP-2608-001463,2026-08-17,SGW-2608-000216,GW-009,USPS Ground Advantage,8.71,-1.98,10009,180
OSM,DEMO-0101,SHIP-2608-001464,2026-08-17,SGW-2608-000217,GW-016,Parcel Select,5.37,-0.15,10009,180
EasyPost,DEMO-0101,SHIP-2608-001465,2026-08-14,SGW-2608-000236,GW-007,USPS Priority,8.61,0.00,10009,180
OSM,DEMO-0101,SHIP-2608-001466,2026-08-14,SGW-2608-000268,GW-004,Parcel Select,7.31,0.00,10009,180
OSM,DEMO-0101,SHIP-2608-001467,2026-08-17,SGW-2608-000301,GW-014,Parcel Select,7.65,0.00,10009,180
Pitney Bowes,DEMO-0101,SHIP-2608-001468,2026-08-17,SGW-2608-000352,GW-002,USPS Ground Advantage,6.27,0.00,10009,180
OSM,DEMO-0101,SHIP-2608-001469,2026-08-14,SGW-2608-000418,GW-008,Parcel Select,10.31,0.00,10009,180
EasyPost,DEMO-0101,SHIP-2608-001470,2026-08-14,SGW-2608-000425,GW-006,USPS Ground Advantage,5.03,0.00,10009,180
Pitney Bowes,DEMO-0101,SHIP-2608-001471,2026-08-17,SGW-2608-000521,GW-018,USPS Ground Advantage,12.19,0.00,10009,180
Pitney Bowes,DEMO-0101,SHIP-2608-001472,2026-08-17,SGW-2608-000553,GW-019,USPS Ground Advantage,9.94,-0.12,10009,180
OSM,DEMO-0101,SHIP-2608-001473,2026-08-17,SGW-2608-000617,GW-022,Parcel Select,8.12,0.00,10009,180
EasyPost,DEMO-0101,SHIP-2608-001474,2026-08-17,SGW-2608-000641,GW-022,USPS Ground Advantage,10.86,0.00,10009,180
OSM,DEMO-0101,SHIP-2608-001475,2026-08-14,SGW-2608-000683,GW-016,Parcel Select,11.46,0.00,10009,180
OSM,DEMO-0101,SHIP-2608-001476,2026-08-17,SGW-2608-000763,GW-005,Parcel Select,9.68,0.00,10009,180
Pitney Bowes,DEMO-0101,SHIP-2608-001477,2026-08-14,SGW-2608-000875,GW-022,USPS Ground Advantage,11.79,0.00,10009,180
OSM,DEMO-0101,SHIP-2608-001478,2026-08-14,SGW-2608-000912,GW-017,Parcel Select,7.53,0.00,10009,180
Pitney Bowes,DEMO-0101,SHIP-2608-001479,2026-08-17,SGW-2608-000948,GW-008,USPS Ground Advantage,6.24,0.00,10009,180
OSM,DEMO-0101,SHIP-2608-001480,2026-08-14,SGW-2608-001100,GW-014,Parcel Select,10.10,1.92,10009,180
OSM,DEMO-0101,SHIP-2608-001481,2026-08-14,SGW-2608-001123,GW-012,Parcel Select,7.09,0.00,10009,180
EasyPost,DEMO-0101,SHIP-2608-001482,2026-08-17,SGW-2608-001135,GW-005,USPS Ground Advantage,13.79,0.00,10009,180
OSM,DEMO-0101,SHIP-2608-001483,2026-08-14,SGW-2608-001171,GW-016,Parcel Select,8.58,0.00,10009,180
EasyPost,DEMO-0101,SHIP-2608-001484,2026-08-14,SGW-2608-001342,GW-004,USPS Priority,9.18,0.00,10009,180
EasyPost,DEMO-0101,SHIP-2608-001485,2026-08-14,SGW-2608-001345,GW-011,USPS Ground Advantage,11.73,0.00,10009,180
OSM,DEMO-0101,SHIP-2608-001486,2026-08-14,SGW-2608-001353,GW-006,Parcel Select,8.44,0.00,10009,180
EasyPost,DEMO-0101,SHIP-2608-001487,2026-08-17,SGW-2608-001358,GW-002,USPS Ground Advantage,11.82,0.00,10009,180
EasyPost,DEMO-0101,SHIP-2608-001488,2026-08-17,SGW-2608-001363,GW-018,USPS Priority,9.16,0.00,10009,180
Pitney Bowes,DEMO-0101,SHIP-2608-001489,2026-08-17,SGW-2608-001425,GW-016,USPS Ground Advantage,11.18,0.00,10009,180
OSM,DEMO-0101,SHIP-2608-001490,2026-08-14,SGW-2608-001482,GW-024,Parcel Select,13.51,0.00,10009,180
OSM,DEMO-0101,SHIP-2608-001491,2026-08-17,SGW-2608-001515,GW-001,Parcel Select,7.99,0.00,10009,180
OSM,DEMO-0101,SHIP-2608-001492,2026-08-14,SGW-2608-001596,GW-024,Parcel Select,7.42,0.00,10009,180
EasyPost,DEMO-0101,SHIP-2608-001493,2026-08-14,SGW-2608-001614,GW-002,USPS Priority,13.17,0.00,10009,180
Pitney Bowes,DEMO-0101,SHIP-2608-001494,2026-08-14,SGW-2608-001629,GW-004,USPS Ground Advantage,12.68,0.00,10009,180
OSM,DEMO-0101,SHIP-2608-001495,2026-08-14,SGW-2608-001661,GW-017,Parcel Select,8.78,0.00,10009,180
OSM,DEMO-0101,SHIP-2608-001496,2026-08-17,SGW-2608-001726,GW-004,Parcel Select,6.37,0.00,10009,180
Pitney Bowes,DEMO-0101,SHIP-2608-001497,2026-08-17,SGW-2608-001769,GW-001,USPS Ground Advantage,14.13,0.00,10009,180
OSM,DEMO-0101,SHIP-2608-001498,2026-08-14,UP-2608-000073,GW-005,Parcel Select,14.99,0.00,10009,180
OSM,DEMO-0101,SHIP-2608-001499,2026-08-17,UP-2608-000137,GW-024,Parcel Select,9.26,0.00,10009,180
Pitney Bowes,DEMO-0101,SHIP-2608-001500,2026-08-17,UP-2608-000160,GW-001,USPS Ground Advantage,5.64,0.00,10009,180
OSM,DEMO-0101,SHIP-2608-001501,2026-08-17,UP-2608-000202,GW-022,Parcel Select,10.14,0.00,10009,180
EasyPost,DEMO-0101,SHIP-2608-001502,2026-08-17,UP-2608-000214,GW-002,USPS Ground Advantage,9.75,0.00,10009,180
OSM,DEMO-0101,SHIP-2608-001503,2026-08-14,UP-2608-000250,GW-024,Parcel Select,3.99,0.00,10009,180
EasyPost,DEMO-0101,SHIP-2608-001504,2026-08-17,UP-2608-000386,GW-024,USPS Ground Advantage,11.31,0.00,10009,180
Pitney Bowes,DEMO-0101,SHIP-2608-001505,2026-08-17,UP-2608-000557,GW-004,USPS Ground Advantage,9.53,0.00,10009,180
OSM,DEMO-0101,SHIP-2608-001506,2026-08-18,UP-2608-000560,GW-022,Parcel Select,5.92,0.00,10009,180
Pitney Bowes,DEMO-0101,SHIP-2608-001507,2026-08-17,UP-2608-000642,GW-016,USPS Ground Advantage,4.50,0.00,10009,180
OSM,DEMO-0101,SHIP-2608-001508,2026-08-17,AMZ-2608-000004,GW-008,Parcel Select,4.23,0.00,10009,180
EasyPost,DEMO-0101,SHIP-2608-001509,2026-08-17,AMZ-2608-000109,GW-005,USPS Ground Advantage,12.48,0.00,10009,180
OSM,DEMO-0101,SHIP-2608-001510,2026-08-17,AMZ-2608-000128,GW-006,Parcel Select,13.27,0.00,10009,180
Pitney Bowes,DEMO-0101,SHIP-2608-001511,2026-08-17,AMZ-2608-000130,GW-005,USPS Ground Advantage,14.00,0.00,10009,180
EasyPost,DEMO-0101,SHIP-2608-001512,2026-08-17,AMZ-2608-000136,GW-016,USPS Ground Advantage,14.48,0.00,10009,180
OSM,DEMO-0101,SHIP-2608-001513,2026-08-17,AMZ-2608-000174,GW-003,Parcel Select,13.44,0.00,10009,180
Pitney Bowes,DEMO-0101,SHIP-2608-001514,2026-08-18,AMZ-2608-000257,GW-004,USPS Ground Advantage,10.82,0.00,10009,180
Pitney Bowes,DEMO-0101,SHIP-2608-001515,2026-08-18,AMZ-2608-000262,GW-001,USPS Ground Advantage,5.30,0.00,10009,180
Pitney Bowes,DEMO-0101,SHIP-2608-001516,2026-08-17,AMZ-2608-000282,GW-010,USPS Ground Advantage,8.31,0.00,10009,180
Pitney Bowes,DEMO-0101,SHIP-2608-001517,2026-08-17,AMZ-2608-000303,GW-011,USPS Ground Advantage,3.82,0.00,10009,180
Pitney Bowes,DEMO-0101,SHIP-2608-001518,2026-08-17,AMZ-2608-000329,GW-008,USPS Ground Advantage,14.80,0.00,10009,180
OSM,DEMO-0101,SHIP-2608-001519,2026-08-17,AMZ-2608-000366,GW-009,Parcel Select,7.72,0.00,10009,180
OSM,DEMO-0101,SHIP-2608-001520,2026-08-17,AMZ-2608-000372,GW-011,Parcel Select,8.67,0.00,10009,180
Pitney Bowes,DEMO-0101,SHIP-2608-001521,2026-08-17,AMZ-2608-000385,GW-007,USPS Ground Advantage,10.09,2.94,10009,180
EasyPost,DEMO-0101,SHIP-2608-001522,2026-08-17,AMZ-2608-000446,GW-008,USPS Ground Advantage,4.18,0.00,10009,180
OSM,DEMO-0101,SHIP-2608-001523,2026-08-17,AMZ-2608-000447,GW-019,Parcel Select,12.94,0.00,10009,180
EasyPost,DEMO-0101,SHIP-2608-001524,2026-08-17,AMZ-2608-000470,GW-017,USPS Ground Advantage,3.98,0.00,10009,180
EasyPost,DEMO-0101,SHIP-2608-001525,2026-08-17,AMZ-2608-000553,GW-017,USPS Priority,4.55,0.00,10009,180
OSM,DEMO-0101,SHIP-2608-001526,2026-08-18,AMZ-2608-000560,GW-001,Parcel Select,14.12,0.00,10009,180
EasyPost,DEMO-0101,SHIP-2608-001527,2026-08-17,AMZ-2608-000584,GW-011,USPS Priority,6.65,0.00,10009,180
Pitney Bowes,DEMO-0101,SHIP-2608-001528,2026-08-17,AMZ-2608-000631,GW-007,USPS Ground Advantage,14.36,0.00,10009,180
Pitney Bowes,DEMO-0101,SHIP-2608-001529,2026-08-19,CM-2608-000036,GW-017,USPS Ground Advantage,13.24,0.00,10009,180
EasyPost,DEMO-0101,SHIP-2608-001530,2026-08-18,CM-2608-000057,GW-022,USPS Ground Advantage,6.09,0.00,10009,180
EasyPost,DEMO-0101,SHIP-2608-001531,2026-08-17,CM-2608-000071,GW-021,USPS Ground Advantage,9.91,0.00,10009,180
OSM,DEMO-0101,SHIP-2608-001532,2026-08-18,CM-2608-000104,GW-001,Parcel Select,12.83,0.00,10009,180
OSM,DEMO-0101,SHIP-2608-001533,2026-08-18,CM-2608-000139,GW-010,Parcel Select,13.95,0.00,10009,180
Pitney Bowes,DEMO-0101,SHIP-2608-001534,2026-08-17,CM-2608-000175,GW-007,USPS Ground Advantage,13.80,0.00,10009,180
Pitney Bowes,DEMO-0101,SHIP-2608-001535,2026-08-17,CM-2608-000218,GW-017,USPS Ground Advantage,10.14,0.00,10009,180
OSM,DEMO-0101,SHIP-2608-001536,2026-08-18,CM-2608-000312,GW-015,Parcel Select,10.47,0.00,10009,180
Pitney Bowes,DEMO-0101,SHIP-2608-001537,2026-08-17,CM-2608-000335,GW-020,USPS Ground Advantage,14.71,0.00,10009,180
Pitney Bowes,DEMO-0101,SHIP-2608-001538,2026-08-18,CM-2608-000352,GW-017,USPS Ground Advantage,14.40,0.00,10009,180
EasyPost,DEMO-0101,SHIP-2608-001539,2026-08-17,CM-2608-000442,GW-017,USPS Priority,13.63,0.00,10009,180
OSM,DEMO-0101,SHIP-2608-001540,2026-08-17,CM-2608-000459,GW-024,Parcel Select,15.16,0.00,10009,180
OSM,DEMO-0101,SHIP-2608-001541,2026-08-17,CM-2608-000463,GW-010,Parcel Select,3.96,0.00,10009,180
Pitney Bowes,DEMO-0101,SHIP-2608-001542,2026-08-17,EB-2608-000027,GW-021,USPS Ground Advantage,13.29,0.00,10009,180
OSM,DEMO-0101,SHIP-2608-001543,2026-08-17,EB-2608-000076,GW-012,Parcel Select,4.22,0.00,10009,180
EasyPost,DEMO-0101,SHIP-2608-001544,2026-08-17,EB-2608-000125,GW-023,USPS Priority,12.25,0.00,10009,180
EasyPost,DEMO-0101,SHIP-2608-001545,2026-08-17,EB-2608-000140,GW-008,USPS Ground Advantage,6.34,0.00,10009,180
Pitney Bowes,DEMO-0101,SHIP-2608-001546,2026-08-17,EB-2608-000193,GW-008,USPS Ground Advantage,4.74,2.20,10009,180
OSM,DEMO-0101,SHIP-2608-001547,2026-08-17,EB-2608-000235,GW-017,Parcel Select,12.14,0.00,10009,180
OSM,DEMO-0101,SHIP-2608-001548,2026-08-17,EB-2608-000254,GW-008,Parcel Select,9.09,0.00,10009,180
Pitney Bowes,DEMO-0101,SHIP-2608-001549,2026-08-17,EB-2608-000255,GW-022,USPS Ground Advantage,5.62,0.00,10009,180
OSM,DEMO-0101,SHIP-2608-001550,2026-08-17,EB-2608-000394,GW-018,Parcel Select,6.79,0.00,10009,180
EasyPost,DEMO-0101,SHIP-2608-001551,2026-08-17,EB-2608-000399,GW-018,USPS Ground Advantage,3.92,0.00,10009,180
OSM,DEMO-0101,SHIP-2608-001552,2026-08-17,EB-2608-000538,GW-009,Parcel Select,6.74,0.00,10009,180
OSM,DEMO-0101,SHIP-2608-001553,2026-08-17,EB-2608-000593,GW-016,Parcel Select,11.36,0.00,10009,180
EasyPost,DEMO-0101,SHIP-2608-001554,2026-08-17,EB-2608-000649,GW-016,USPS Priority,6.67,0.00,10009,180
EasyPost,DEMO-0101,SHIP-2608-001555,2026-08-18,EB-2608-000652,GW-018,USPS Priority,8.76,0.00,10009,180
EasyPost,DEMO-0101,SHIP-2608-001556,2026-08-17,EB-2608-000680,GW-018,USPS Ground Advantage,7.53,0.00,10009,180
Pitney Bowes,DEMO-0101,SHIP-2608-001557,2026-08-17,EB-2608-000689,GW-011,USPS Ground Advantage,13.98,0.00,10009,180
Pitney Bowes,DEMO-0101,SHIP-2608-001558,2026-08-17,EB-2608-000743,GW-015,USPS Ground Advantage,9.59,0.00,10009,180
Pitney Bowes,DEMO-0101,SHIP-2608-001559,2026-08-17,EB-2608-000824,GW-001,USPS Ground Advantage,4.34,0.00,10009,180
OSM,DEMO-0101,SHIP-2608-001560,2026-08-17,GWB-2608-000144,GW-020,Parcel Select,10.88,0.00,10009,180
Pitney Bowes,DEMO-0101,SHIP-2608-001561,2026-08-17,GWB-2608-000173,GW-018,USPS Ground Advantage,12.84,0.00,10009,180
OSM,DEMO-0101,SHIP-2608-001562,2026-08-17,GWB-2608-000203,GW-009,Parcel Select,10.00,0.00,10009,180
Pitney Bowes,DEMO-0101,SHIP-2608-001563,2026-08-17,GWB-2608-000216,GW-013,USPS Ground Advantage,13.50,0.00,10009,180
OSM,DEMO-0101,SHIP-2608-001564,2026-08-18,GWB-2608-000275,GW-008,Parcel Select,7.39,0.00,10009,180
OSM,DEMO-0101,SHIP-2608-001565,2026-08-18,GWB-2608-000305,GW-014,Parcel Select,11.21,0.00,10009,180
Pitney Bowes,DEMO-0101,SHIP-2608-001566,2026-08-17,GWB-2608-000321,GW-004,USPS Ground Advantage,8.65,0.00,10009,180
EasyPost,DEMO-0101,SHIP-2608-001567,2026-08-17,GWB-2608-000382,GW-004,USPS Ground Advantage,5.89,0.00,10009,180
OSM,DEMO-0101,SHIP-2608-001568,2026-08-17,GWB-2608-000410,GW-021,Parcel Select,7.27,0.00,10009,180
EasyPost,DEMO-0101,SHIP-2608-001569,2026-08-17,GWB-2608-000431,GW-022,USPS Ground Advantage,13.04,0.00,10009,180
EasyPost,DEMO-0101,SHIP-2608-001570,2026-08-17,GWB-2608-000448,GW-001,USPS Priority,10.56,0.00,10009,180
OSM,DEMO-0101,SHIP-2608-001571,2026-08-17,SGW-2608-000067,GW-008,Parcel Select,12.57,0.00,10009,180
OSM,DEMO-0101,SHIP-2608-001572,2026-08-17,SGW-2608-000222,GW-004,Parcel Select,5.21,0.00,10009,180
EasyPost,DEMO-0101,SHIP-2608-001573,2026-08-17,SGW-2608-000315,GW-024,USPS Priority,10.51,0.00,10009,180
OSM,DEMO-0101,SHIP-2608-001574,2026-08-17,SGW-2608-000328,GW-014,Parcel Select,13.83,0.00,10009,180
Pitney Bowes,DEMO-0101,SHIP-2608-001575,2026-08-17,SGW-2608-000421,GW-009,USPS Ground Advantage,11.24,0.00,10009,180
EasyPost,DEMO-0101,SHIP-2608-001576,2026-08-19,SGW-2608-000448,GW-011,USPS Ground Advantage,13.04,0.00,10009,180
Pitney Bowes,DEMO-0101,SHIP-2608-001577,2026-08-17,SGW-2608-000457,GW-017,USPS Ground Advantage,6.06,0.00,10009,180
Pitney Bowes,DEMO-0101,SHIP-2608-001578,2026-08-19,SGW-2608-000588,GW-005,USPS Ground Advantage,12.17,0.00,10009,180
OSM,DEMO-0101,SHIP-2608-001579,2026-08-17,SGW-2608-000676,GW-023,Parcel Select,9.09,0.00,10009,180
Pitney Bowes,DEMO-0101,SHIP-2608-001580,2026-08-17,SGW-2608-000714,GW-022,USPS Ground Advantage,5.28,0.00,10009,180
OSM,DEMO-0101,SHIP-2608-001581,2026-08-17,SGW-2608-000716,GW-011,Parcel Select,13.43,0.00,10009,180
OSM,DEMO-0101,SHIP-2608-001582,2026-08-17,SGW-2608-000728,GW-004,Parcel Select,14.72,0.00,10009,180
OSM,DEMO-0101,SHIP-2608-001583,2026-08-17,SGW-2608-000746,GW-009,Parcel Select,9.42,0.00,10009,180
OSM,DEMO-0101,SHIP-2608-001584,2026-08-17,SGW-2608-000868,GW-010,Parcel Select,14.90,0.00,10009,180
EasyPost,DEMO-0101,SHIP-2608-001585,2026-08-17,SGW-2608-000932,GW-021,USPS Ground Advantage,6.50,0.00,10009,180
OSM,DEMO-0101,SHIP-2608-001586,2026-08-17,SGW-2608-000947,GW-008,Parcel Select,10.61,0.00,10009,180
OSM,DEMO-0101,SHIP-2608-001587,2026-08-17,SGW-2608-000995,GW-009,Parcel Select,4.97,0.00,10009,180
OSM,DEMO-0101,SHIP-2608-001588,2026-08-17,SGW-2608-001132,GW-023,Parcel Select,13.49,0.00,10009,180
OSM,DEMO-0101,SHIP-2608-001589,2026-08-17,SGW-2608-001224,GW-004,Parcel Select,11.96,0.00,10009,180
Pitney Bowes,DEMO-0101,SHIP-2608-001590,2026-08-17,SGW-2608-001226,GW-024,USPS Ground Advantage,11.15,0.00,10009,180
EasyPost,DEMO-0101,SHIP-2608-001591,2026-08-19,SGW-2608-001296,GW-012,USPS Priority,9.38,0.00,10009,180
EasyPost,DEMO-0101,SHIP-2608-001592,2026-08-17,SGW-2608-001304,GW-008,USPS Priority,4.16,0.00,10009,180
EasyPost,DEMO-0101,SHIP-2608-001593,2026-08-17,SGW-2608-001312,GW-004,USPS Ground Advantage,4.96,0.00,10009,180
OSM,DEMO-0101,SHIP-2608-001594,2026-08-17,SGW-2608-001329,GW-005,Parcel Select,6.57,0.00,10009,180
EasyPost,DEMO-0101,SHIP-2608-001595,2026-08-18,SGW-2608-001395,GW-024,USPS Ground Advantage,11.36,0.00,10009,180
EasyPost,DEMO-0101,SHIP-2608-001596,2026-08-17,SGW-2608-001411,GW-016,USPS Ground Advantage,7.17,0.00,10009,180
OSM,DEMO-0101,SHIP-2608-001597,2026-08-17,SGW-2608-001430,GW-021,Parcel Select,14.87,0.00,10009,180
OSM,DEMO-0101,SHIP-2608-001598,2026-08-17,SGW-2608-001467,GW-008,Parcel Select,9.75,0.00,10009,180
EasyPost,DEMO-0101,SHIP-2608-001599,2026-08-17,SGW-2608-001518,GW-002,USPS Priority,5.22,0.00,10009,180
OSM,DEMO-0101,SHIP-2608-001600,2026-08-17,SGW-2608-001535,GW-018,Parcel Select,12.24,0.00,10009,180
EasyPost,DEMO-0101,SHIP-2608-001601,2026-08-17,SGW-2608-001547,GW-011,USPS Priority,8.17,0.00,10009,180
OSM,DEMO-0101,SHIP-2608-001602,2026-08-18,SGW-2608-001565,GW-002,Parcel Select,12.92,0.00,10009,180
Pitney Bowes,DEMO-0101,SHIP-2608-001603,2026-08-17,SGW-2608-001582,GW-001,USPS Ground Advantage,8.59,0.00,10009,180
EasyPost,DEMO-0101,SHIP-2608-001604,2026-08-17,SGW-2608-001675,GW-020,USPS Ground Advantage,9.93,0.00,10009,180
Pitney Bowes,DEMO-0101,SHIP-2608-001605,2026-08-17,SGW-2608-001720,GW-001,USPS Ground Advantage,12.36,0.00,10009,180
OSM,DEMO-0101,SHIP-2608-001606,2026-08-17,SGW-2608-001738,GW-005,Parcel Select,9.14,0.00,10009,180
OSM,DEMO-0101,SHIP-2608-001607,2026-08-17,SGW-2608-001753,GW-010,Parcel Select,10.19,0.00,10009,180
Pitney Bowes,DEMO-0101,SHIP-2608-001608,2026-08-17,SGW-2608-001768,GW-002,USPS Ground Advantage,9.51,0.00,10009,180
Pitney Bowes,DEMO-0101,SHIP-2608-001609,2026-08-17,UP-2608-000007,GW-002,USPS Ground Advantage,10.77,0.00,10009,180
OSM,DEMO-0101,SHIP-2608-001610,2026-08-17,UP-2608-000015,GW-008,Parcel Select,6.91,0.00,10009,180
OSM,DEMO-0101,SHIP-2608-001611,2026-08-18,UP-2608-000044,GW-004,Parcel Select,11.70,0.00,10009,180
Pitney Bowes,DEMO-0101,SHIP-2608-001612,2026-08-17,UP-2608-000098,GW-015,USPS Ground Advantage,7.86,0.00,10009,180
EasyPost,DEMO-0101,SHIP-2608-001613,2026-08-18,UP-2608-000111,GW-011,USPS Ground Advantage,9.61,0.00,10009,180
Pitney Bowes,DEMO-0101,SHIP-2608-001614,2026-08-17,UP-2608-000180,GW-014,USPS Ground Advantage,8.35,0.00,10009,180
OSM,DEMO-0101,SHIP-2608-001615,2026-08-17,UP-2608-000257,GW-021,Parcel Select,13.62,0.00,10009,180
OSM,DEMO-0101,SHIP-2608-001616,2026-08-17,UP-2608-000318,GW-005,Parcel Select,13.09,0.00,10009,180
EasyPost,DEMO-0101,SHIP-2608-001617,2026-08-17,UP-2608-000380,GW-006,USPS Ground Advantage,7.46,0.00,10009,180
OSM,DEMO-0101,SHIP-2608-001618,2026-08-17,UP-2608-000442,GW-004,Parcel Select,9.85,0.00,10009,180
EasyPost,DEMO-0101,SHIP-2608-001619,2026-08-18,UP-2608-000630,GW-023,USPS Ground Advantage,8.79,0.00,10009,180
Pitney Bowes,DEMO-0101,SHIP-2608-001620,2026-08-17,AMZ-2608-000036,GW-013,USPS Ground Advantage,9.84,0.00,10009,180
OSM,DEMO-0101,SHIP-2608-001621,2026-08-17,AMZ-2608-000057,GW-016,Parcel Select,5.40,0.00,10009,180
OSM,DEMO-0101,SHIP-2608-001622,2026-08-18,AMZ-2608-000075,GW-017,Parcel Select,10.73,2.59,10009,180
OSM,DEMO-0101,SHIP-2608-001623,2026-08-17,AMZ-2608-000121,GW-004,Parcel Select,6.41,0.00,10009,180
EasyPost,DEMO-0101,SHIP-2608-001624,2026-08-17,AMZ-2608-000131,GW-017,USPS Ground Advantage,11.03,0.00,10009,180
OSM,DEMO-0101,SHIP-2608-001625,2026-08-17,AMZ-2608-000171,GW-021,Parcel Select,13.62,0.00,10009,180
Pitney Bowes,DEMO-0101,SHIP-2608-001626,2026-08-17,AMZ-2608-000189,GW-024,USPS Ground Advantage,12.86,0.00,10009,180
EasyPost,DEMO-0101,SHIP-2608-001627,2026-08-17,AMZ-2608-000236,GW-014,USPS Priority,10.97,0.00,10009,180
OSM,DEMO-0101,SHIP-2608-001628,2026-08-17,AMZ-2608-000308,GW-020,Parcel Select,11.88,0.00,10009,180
OSM,DEMO-0101,SHIP-2608-001629,2026-08-18,AMZ-2608-000325,GW-004,Parcel Select,8.81,0.00,10009,180
OSM,DEMO-0101,SHIP-2608-001630,2026-08-17,AMZ-2608-000365,GW-012,Parcel Select,15.12,0.00,10009,180
Pitney Bowes,DEMO-0101,SHIP-2608-001631,2026-08-18,AMZ-2608-000426,GW-011,USPS Ground Advantage,4.80,0.00,10009,180
EasyPost,DEMO-0101,SHIP-2608-001632,2026-08-17,AMZ-2608-000434,GW-011,USPS Ground Advantage,4.19,0.00,10009,180
Pitney Bowes,DEMO-0101,SHIP-2608-001633,2026-08-17,AMZ-2608-000510,GW-004,USPS Ground Advantage,8.00,0.00,10009,180
EasyPost,DEMO-0101,SHIP-2608-001634,2026-08-17,AMZ-2608-000625,GW-015,USPS Priority,10.29,0.00,10009,180
OSM,DEMO-0101,SHIP-2608-001635,2026-08-19,CM-2608-000004,GW-016,Parcel Select,12.92,0.99,10009,180
EasyPost,DEMO-0101,SHIP-2608-001636,2026-08-17,CM-2608-000035,GW-011,USPS Ground Advantage,8.63,0.00,10009,180
OSM,DEMO-0101,SHIP-2608-001637,2026-08-17,CM-2608-000173,GW-004,Parcel Select,11.43,-0.17,10009,180
OSM,DEMO-0101,SHIP-2608-001638,2026-08-17,CM-2608-000241,GW-012,Parcel Select,7.69,0.00,10009,180
EasyPost,DEMO-0101,SHIP-2608-001639,2026-08-17,CM-2608-000399,GW-004,USPS Ground Advantage,7.17,0.00,10009,180
OSM,DEMO-0101,SHIP-2608-001640,2026-08-17,CM-2608-000473,GW-001,Parcel Select,9.17,0.00,10009,180
Pitney Bowes,DEMO-0101,SHIP-2608-001641,2026-08-20,EB-2608-000002,GW-004,USPS Ground Advantage,8.97,0.00,10009,180
Pitney Bowes,DEMO-0101,SHIP-2608-001642,2026-08-17,EB-2608-000020,GW-018,USPS Ground Advantage,3.75,0.18,10009,180
Pitney Bowes,DEMO-0101,SHIP-2608-001643,2026-08-17,EB-2608-000115,GW-002,USPS Ground Advantage,11.16,0.00,10009,180
OSM,DEMO-0101,SHIP-2608-001644,2026-08-17,EB-2608-000178,GW-020,Parcel Select,15.07,0.00,10009,180
Pitney Bowes,DEMO-0101,SHIP-2608-001645,2026-08-20,EB-2608-000211,GW-007,USPS Ground Advantage,10.24,0.00,10009,180
Pitney Bowes,DEMO-0101,SHIP-2608-001646,2026-08-19,EB-2608-000312,GW-014,USPS Ground Advantage,12.52,0.00,10009,180
OSM,DEMO-0101,SHIP-2608-001647,2026-08-17,EB-2608-000324,GW-018,Parcel Select,12.64,0.00,10009,180
OSM,DEMO-0101,SHIP-2608-001648,2026-08-17,EB-2608-000330,GW-022,Parcel Select,5.15,0.00,10009,180
OSM,DEMO-0101,SHIP-2608-001649,2026-08-19,EB-2608-000388,GW-008,Parcel Select,13.65,0.00,10009,180
OSM,DEMO-0101,SHIP-2608-001650,2026-08-17,EB-2608-000392,GW-004,Parcel Select,13.98,3.01,10009,180
OSM,DEMO-0101,SHIP-2608-001651,2026-08-17,EB-2608-000508,GW-001,Parcel Select,5.85,0.00,10009,180
OSM,DEMO-0101,SHIP-2608-001652,2026-08-17,EB-2608-000520,GW-005,Parcel Select,5.05,0.00,10009,180
OSM,DEMO-0101,SHIP-2608-001653,2026-08-20,EB-2608-000557,GW-008,Parcel Select,11.26,0.00,10009,180
OSM,DEMO-0101,SHIP-2608-001654,2026-08-19,EB-2608-000563,GW-010,Parcel Select,14.74,0.00,10009,180
EasyPost,DEMO-0101,SHIP-2608-001655,2026-08-17,EB-2608-000583,GW-009,USPS Priority,12.41,0.00,10009,180
Pitney Bowes,DEMO-0101,SHIP-2608-001656,2026-08-17,EB-2608-000641,GW-016,USPS Ground Advantage,14.81,0.00,10009,180
Pitney Bowes,DEMO-0101,SHIP-2608-001657,2026-08-17,EB-2608-000660,GW-001,USPS Ground Advantage,7.48,0.00,10009,180
OSM,DEMO-0101,SHIP-2608-001658,2026-08-17,EB-2608-000704,GW-022,Parcel Select,15.12,0.00,10009,180
OSM,DEMO-0101,SHIP-2608-001659,2026-08-19,EB-2608-000736,GW-021,Parcel Select,13.16,0.00,10009,180
OSM,DEMO-0101,SHIP-2608-001660,2026-08-17,EB-2608-000764,GW-002,Parcel Select,10.93,0.00,10009,180
OSM,DEMO-0101,SHIP-2608-001661,2026-08-17,EB-2608-000779,GW-020,Parcel Select,6.66,0.00,10009,180
OSM,DEMO-0101,SHIP-2608-001662,2026-08-17,EB-2608-000796,GW-001,Parcel Select,4.84,0.00,10009,180
Pitney Bowes,DEMO-0101,SHIP-2608-001663,2026-08-17,EB-2608-000817,GW-017,USPS Ground Advantage,7.35,0.00,10009,180
Pitney Bowes,DEMO-0101,SHIP-2608-001664,2026-08-17,EB-2608-000853,GW-024,USPS Ground Advantage,8.77,0.00,10009,180
OSM,DEMO-0101,SHIP-2608-001665,2026-08-18,EB-2608-000887,GW-003,Parcel Select,12.64,0.00,10009,180
Pitney Bowes,DEMO-0101,SHIP-2608-001666,2026-08-17,EB-2608-000896,GW-004,USPS Ground Advantage,11.14,0.00,10009,180
OSM,DEMO-0101,SHIP-2608-001667,2026-08-17,GWB-2608-000069,GW-006,Parcel Select,4.82,0.00,10009,180
OSM,DEMO-0101,SHIP-2608-001668,2026-08-17,GWB-2608-000076,GW-013,Parcel Select,5.67,0.00,10009,180
Pitney Bowes,DEMO-0101,SHIP-2608-001669,2026-08-17,GWB-2608-000147,GW-004,USPS Ground Advantage,8.70,0.00,10009,180
OSM,DEMO-0101,SHIP-2608-001670,2026-08-17,GWB-2608-000174,GW-013,Parcel Select,11.65,-0.97,10009,180
EasyPost,DEMO-0101,SHIP-2608-001671,2026-08-19,GWB-2608-000177,GW-022,USPS Ground Advantage,10.66,0.00,10009,180
OSM,DEMO-0101,SHIP-2608-001672,2026-08-18,GWB-2608-000197,GW-016,Parcel Select,12.79,0.00,10009,180
Pitney Bowes,DEMO-0101,SHIP-2608-001673,2026-08-17,GWB-2608-000212,GW-012,USPS Ground Advantage,13.91,0.00,10009,180
Pitney Bowes,DEMO-0101,SHIP-2608-001674,2026-08-17,GWB-2608-000254,GW-015,USPS Ground Advantage,9.92,0.00,10009,180
OSM,DEMO-0101,SHIP-2608-001675,2026-08-17,GWB-2608-000265,GW-024,Parcel Select,13.34,0.00,10009,180
OSM,DEMO-0101,SHIP-2608-001676,2026-08-17,GWB-2608-000267,GW-004,Parcel Select,14.09,0.00,10009,180
OSM,DEMO-0101,SHIP-2608-001677,2026-08-17,GWB-2608-000270,GW-017,Parcel Select,11.03,0.00,10009,180
Pitney Bowes,DEMO-0101,SHIP-2608-001678,2026-08-17,GWB-2608-000326,GW-017,USPS Ground Advantage,12.96,0.00,10009,180
OSM,DEMO-0101,SHIP-2608-001679,2026-08-17,GWB-2608-000332,GW-017,Parcel Select,14.35,0.00,10009,180
OSM,DEMO-0101,SHIP-2608-001680,2026-08-17,GWB-2608-000344,GW-008,Parcel Select,14.42,0.00,10009,180
OSM,DEMO-0101,SHIP-2608-001681,2026-08-17,GWB-2608-000361,GW-002,Parcel Select,11.72,0.00,10009,180
Pitney Bowes,DEMO-0101,SHIP-2608-001682,2026-08-17,GWB-2608-000388,GW-010,USPS Ground Advantage,8.67,0.00,10009,180
OSM,DEMO-0101,SHIP-2608-001683,2026-08-17,GWB-2608-000390,GW-015,Parcel Select,11.52,0.00,10009,180
OSM,DEMO-0101,SHIP-2608-001684,2026-08-17,SGW-2608-000002,GW-007,Parcel Select,10.74,0.00,10009,180
Pitney Bowes,DEMO-0101,SHIP-2608-001685,2026-08-17,SGW-2608-000062,GW-015,USPS Ground Advantage,9.72,0.00,10009,180
OSM,DEMO-0101,SHIP-2608-001686,2026-08-17,SGW-2608-000109,GW-023,Parcel Select,13.16,0.00,10009,180
OSM,DEMO-0101,SHIP-2608-001687,2026-08-17,SGW-2608-000127,GW-018,Parcel Select,4.55,0.00,10009,180
OSM,DEMO-0101,SHIP-2608-001688,2026-08-17,SGW-2608-000188,GW-004,Parcel Select,3.93,0.00,10009,180
OSM,DEMO-0101,SHIP-2608-001689,2026-08-17,SGW-2608-000214,GW-004,Parcel Select,8.52,0.00,10009,180
Pitney Bowes,DEMO-0101,SHIP-2608-001690,2026-08-17,SGW-2608-000238,GW-005,USPS Ground Advantage,10.88,1.27,10009,180
EasyPost,DEMO-0101,SHIP-2608-001691,2026-08-17,SGW-2608-000290,GW-006,USPS Priority,12.04,0.00,10009,180
Pitney Bowes,DEMO-0101,SHIP-2608-001692,2026-08-18,SGW-2608-000292,GW-012,USPS Ground Advantage,10.99,0.00,10009,180
OSM,DEMO-0101,SHIP-2608-001693,2026-08-18,SGW-2608-000320,GW-023,Parcel Select,13.79,0.00,10009,180
OSM,DEMO-0101,SHIP-2608-001694,2026-08-17,SGW-2608-000354,GW-008,Parcel Select,3.92,0.00,10009,180
EasyPost,DEMO-0101,SHIP-2608-001695,2026-08-17,SGW-2608-000429,GW-008,USPS Ground Advantage,3.56,0.00,10009,180
EasyPost,DEMO-0101,SHIP-2608-001696,2026-08-18,SGW-2608-000542,GW-023,USPS Ground Advantage,8.04,0.66,10009,180
Pitney Bowes,DEMO-0101,SHIP-2608-001697,2026-08-17,SGW-2608-000571,GW-008,USPS Ground Advantage,9.37,0.00,10009,180
OSM,DEMO-0101,SHIP-2608-001698,2026-08-18,SGW-2608-000648,GW-006,Parcel Select,11.84,0.00,10009,180
EasyPost,DEMO-0101,SHIP-2608-001699,2026-08-17,SGW-2608-000650,GW-021,USPS Ground Advantage,13.55,0.00,10009,180
OSM,DEMO-0101,SHIP-2608-001700,2026-08-17,SGW-2608-000656,GW-002,Parcel Select,13.14,-0.45,10009,180
OSM,DEMO-0101,SHIP-2608-001701,2026-08-17,SGW-2608-000664,GW-004,Parcel Select,11.51,0.00,10009,180
OSM,DEMO-0101,SHIP-2608-001702,2026-08-17,SGW-2608-000715,GW-001,Parcel Select,6.63,0.00,10009,180
EasyPost,DEMO-0101,SHIP-2608-001703,2026-08-19,SGW-2608-000725,GW-002,USPS Priority,8.46,0.00,10009,180
EasyPost,DEMO-0101,SHIP-2608-001704,2026-08-17,SGW-2608-000784,GW-015,USPS Ground Advantage,12.84,0.00,10009,180
Pitney Bowes,DEMO-0101,SHIP-2608-001705,2026-08-17,SGW-2608-000836,GW-002,USPS Ground Advantage,13.42,0.00,10009,180
Pitney Bowes,DEMO-0101,SHIP-2608-001706,2026-08-17,SGW-2608-000910,GW-012,USPS Ground Advantage,9.97,0.00,10009,180
OSM,DEMO-0101,SHIP-2608-001707,2026-08-17,SGW-2608-000956,GW-009,Parcel Select,13.50,0.00,10009,180
EasyPost,DEMO-0101,SHIP-2608-001708,2026-08-17,SGW-2608-001006,GW-005,USPS Priority,9.82,0.00,10009,180
EasyPost,DEMO-0101,SHIP-2608-001709,2026-08-17,SGW-2608-001067,GW-009,USPS Ground Advantage,9.46,0.00,10009,180
EasyPost,DEMO-0101,SHIP-2608-001710,2026-08-17,SGW-2608-001082,GW-020,USPS Priority,8.16,0.00,10009,180
EasyPost,DEMO-0101,SHIP-2608-001711,2026-08-19,SGW-2608-001090,GW-001,USPS Priority,10.90,0.00,10009,180
Pitney Bowes,DEMO-0101,SHIP-2608-001712,2026-08-17,SGW-2608-001092,GW-009,USPS Ground Advantage,9.51,0.00,10009,180
Pitney Bowes,DEMO-0101,SHIP-2608-001713,2026-08-17,SGW-2608-001093,GW-001,USPS Ground Advantage,7.78,0.00,10009,180
OSM,DEMO-0101,SHIP-2608-001714,2026-08-19,SGW-2608-001099,GW-024,Parcel Select,12.94,0.00,10009,180
OSM,DEMO-0101,SHIP-2608-001715,2026-08-18,SGW-2608-001130,GW-004,Parcel Select,4.64,0.00,10009,180
Pitney Bowes,DEMO-0101,SHIP-2608-001716,2026-08-17,SGW-2608-001196,GW-024,USPS Ground Advantage,13.72,0.00,10009,180
Pitney Bowes,DEMO-0101,SHIP-2608-001717,2026-08-17,SGW-2608-001225,GW-019,USPS Ground Advantage,6.62,0.00,10009,180
OSM,DEMO-0101,SHIP-2608-001718,2026-08-19,SGW-2608-001238,GW-008,Parcel Select,11.78,0.00,10009,180
OSM,DEMO-0101,SHIP-2608-001719,2026-08-17,SGW-2608-001241,GW-021,Parcel Select,6.24,0.00,10009,180
OSM,DEMO-0101,SHIP-2608-001720,2026-08-17,SGW-2608-001243,GW-005,Parcel Select,12.74,0.00,10009,180
OSM,DEMO-0101,SHIP-2608-001721,2026-08-18,SGW-2608-001293,GW-002,Parcel Select,10.77,0.00,10009,180
EasyPost,DEMO-0101,SHIP-2608-001722,2026-08-17,SGW-2608-001319,GW-002,USPS Priority,4.48,0.00,10009,180
OSM,DEMO-0101,SHIP-2608-001723,2026-08-17,SGW-2608-001328,GW-018,Parcel Select,7.04,0.00,10009,180
EasyPost,DEMO-0101,SHIP-2608-001724,2026-08-19,SGW-2608-001438,GW-014,USPS Ground Advantage,9.11,0.00,10009,180
Pitney Bowes,DEMO-0101,SHIP-2608-001725,2026-08-17,SGW-2608-001439,GW-003,USPS Ground Advantage,3.85,0.00,10009,180
OSM,DEMO-0101,SHIP-2608-001726,2026-08-18,SGW-2608-001604,GW-016,Parcel Select,5.86,0.00,10009,180
OSM,DEMO-0101,SHIP-2608-001727,2026-08-17,SGW-2608-001649,GW-004,Parcel Select,11.92,0.00,10009,180
EasyPost,DEMO-0101,SHIP-2608-001728,2026-08-17,SGW-2608-001696,GW-008,USPS Ground Advantage,14.09,0.00,10009,180
Pitney Bowes,DEMO-0101,SHIP-2608-001729,2026-08-17,SGW-2608-001702,GW-020,USPS Ground Advantage,3.82,0.00,10009,180
EasyPost,DEMO-0101,SHIP-2608-001730,2026-08-19,SGW-2608-001774,GW-009,USPS Ground Advantage,12.00,0.00,10009,180
Pitney Bowes,DEMO-0101,SHIP-2608-001731,2026-08-17,UP-2608-000031,GW-011,USPS Ground Advantage,12.70,0.00,10009,180
Pitney Bowes,DEMO-0101,SHIP-2608-001732,2026-08-18,UP-2608-000091,GW-008,USPS Ground Advantage,4.89,0.00,10009,180
Pitney Bowes,DEMO-0101,SHIP-2608-001733,2026-08-17,UP-2608-000140,GW-020,USPS Ground Advantage,5.84,0.00,10009,180
OSM,DEMO-0101,SHIP-2608-001734,2026-08-17,UP-2608-000166,GW-012,Parcel Select,5.15,0.00,10009,180
Pitney Bowes,DEMO-0101,SHIP-2608-001735,2026-08-17,UP-2608-000192,GW-001,USPS Ground Advantage,10.18,0.00,10009,180
Pitney Bowes,DEMO-0101,SHIP-2608-001736,2026-08-18,UP-2608-000320,GW-011,USPS Ground Advantage,12.01,0.00,10009,180
EasyPost,DEMO-0101,SHIP-2608-001737,2026-08-17,UP-2608-000379,GW-001,USPS Priority,14.15,0.00,10009,180
OSM,DEMO-0101,SHIP-2608-001738,2026-08-17,UP-2608-000397,GW-020,Parcel Select,11.41,0.00,10009,180
OSM,DEMO-0101,SHIP-2608-001739,2026-08-17,UP-2608-000400,GW-016,Parcel Select,14.86,0.00,10009,180
OSM,DEMO-0101,SHIP-2608-001740,2026-08-17,UP-2608-000429,GW-004,Parcel Select,8.23,0.00,10009,180
OSM,DEMO-0101,SHIP-2608-001741,2026-08-17,UP-2608-000437,GW-004,Parcel Select,7.85,0.00,10009,180
Pitney Bowes,DEMO-0101,SHIP-2608-001742,2026-08-17,UP-2608-000440,GW-004,USPS Ground Advantage,9.12,0.00,10009,180
Pitney Bowes,DEMO-0101,SHIP-2608-001743,2026-08-18,UP-2608-000451,GW-024,USPS Ground Advantage,13.05,0.00,10009,180
OSM,DEMO-0101,SHIP-2608-001744,2026-08-17,UP-2608-000465,GW-008,Parcel Select,6.50,0.00,10009,180
OSM,DEMO-0101,SHIP-2608-001745,2026-08-17,UP-2608-000466,GW-008,Parcel Select,5.10,0.00,10009,180
Pitney Bowes,DEMO-0101,SHIP-2608-001746,2026-08-19,UP-2608-000476,GW-012,USPS Ground Advantage,10.55,0.00,10009,180
Pitney Bowes,DEMO-0101,SHIP-2608-001747,2026-08-19,UP-2608-000541,GW-008,USPS Ground Advantage,12.67,0.00,10009,180
Pitney Bowes,DEMO-0101,SHIP-2608-001748,2026-08-18,UP-2608-000552,GW-008,USPS Ground Advantage,10.67,0.00,10009,180
OSM,DEMO-0101,SHIP-2608-001749,2026-08-17,UP-2608-000556,GW-017,Parcel Select,12.94,0.00,10009,180
OSM,DEMO-0101,SHIP-2608-001750,2026-08-17,UP-2608-000568,GW-018,Parcel Select,5.66,0.00,10009,180
OSM,DEMO-0101,SHIP-2608-001751,2026-08-17,UP-2608-000618,GW-013,Parcel Select,5.07,0.00,10009,180
OSM,DEMO-0101,SHIP-2608-001752,2026-08-18,AMZ-2608-000014,GW-022,Parcel Select,14.49,0.00,10009,180
OSM,DEMO-0101,SHIP-2608-001753,2026-08-18,AMZ-2608-000250,GW-003,Parcel Select,13.78,0.00,10009,180
OSM,DEMO-0101,SHIP-2608-001754,2026-08-19,AMZ-2608-000300,GW-017,Parcel Select,14.00,0.00,10009,180
OSM,DEMO-0101,SHIP-2608-001755,2026-08-17,AMZ-2608-000451,GW-009,Parcel Select,4.35,0.00,10009,180
OSM,DEMO-0101,SHIP-2608-001756,2026-08-17,AMZ-2608-000460,GW-012,Parcel Select,3.57,0.00,10009,180
OSM,DEMO-0101,SHIP-2608-001757,2026-08-18,AMZ-2608-000515,GW-008,Parcel Select,12.39,0.00,10009,180
Pitney Bowes,DEMO-0101,SHIP-2608-001758,2026-08-18,AMZ-2608-000545,GW-004,USPS Ground Advantage,14.46,0.00,10009,180
EasyPost,DEMO-0101,SHIP-2608-001759,2026-08-17,AMZ-2608-000620,GW-023,USPS Priority,8.41,0.00,10009,180
OSM,DEMO-0101,SHIP-2608-001760,2026-08-19,AMZ-2608-000634,GW-003,Parcel Select,5.75,0.00,10009,180
OSM,DEMO-0101,SHIP-2608-001761,2026-08-17,CM-2608-000003,GW-022,Parcel Select,7.86,0.00,10009,180
Pitney Bowes,DEMO-0101,SHIP-2608-001762,2026-08-21,CM-2608-000043,GW-022,USPS Ground Advantage,10.46,0.00,10009,180
Pitney Bowes,DEMO-0101,SHIP-2608-001763,2026-08-18,CM-2608-000073,GW-008,USPS Ground Advantage,10.81,0.00,10009,180
OSM,DEMO-0101,SHIP-2608-001764,2026-08-18,CM-2608-000095,GW-022,Parcel Select,5.72,0.00,10009,180
OSM,DEMO-0101,SHIP-2608-001765,2026-08-18,CM-2608-000168,GW-004,Parcel Select,14.16,0.00,10009,180
EasyPost,DEMO-0101,SHIP-2608-001766,2026-08-19,CM-2608-000170,GW-002,USPS Ground Advantage,6.42,0.00,10009,180
EasyPost,DEMO-0101,SHIP-2608-001767,2026-08-17,CM-2608-000179,GW-013,USPS Ground Advantage,13.57,0.00,10009,180
OSM,DEMO-0101,SHIP-2608-001768,2026-08-18,CM-2608-000186,GW-015,Parcel Select,7.22,0.00,10009,180
Pitney Bowes,DEMO-0101,SHIP-2608-001769,2026-08-18,CM-2608-000208,GW-009,USPS Ground Advantage,7.95,0.00,10009,180
Pitney Bowes,DEMO-0101,SHIP-2608-001770,2026-08-19,CM-2608-000217,GW-007,USPS Ground Advantage,3.87,0.00,10009,180
OSM,DEMO-0101,SHIP-2608-001771,2026-08-18,CM-2608-000221,GW-001,Parcel Select,13.35,0.00,10009,180
OSM,DEMO-0101,SHIP-2608-001772,2026-08-18,CM-2608-000259,GW-004,Parcel Select,7.68,0.00,10009,180
OSM,DEMO-0101,SHIP-2608-001773,2026-08-17,CM-2608-000264,GW-016,Parcel Select,8.56,0.00,10009,180
EasyPost,DEMO-0101,SHIP-2608-001774,2026-08-18,CM-2608-000364,GW-005,USPS Priority,3.94,0.00,10009,180
OSM,DEMO-0101,SHIP-2608-001775,2026-08-17,CM-2608-000367,GW-003,Parcel Select,8.54,0.00,10009,180
EasyPost,DEMO-0101,SHIP-2608-001776,2026-08-17,CM-2608-000374,GW-009,USPS Priority,5.66,0.00,10009,180
OSM,DEMO-0101,SHIP-2608-001777,2026-08-19,CM-2608-000418,GW-017,Parcel Select,14.00,0.00,10009,180
EasyPost,DEMO-0101,SHIP-2608-001778,2026-08-19,EB-2608-000011,GW-009,USPS Ground Advantage,12.75,-1.21,10009,180
OSM,DEMO-0101,SHIP-2608-001779,2026-08-17,EB-2608-000054,GW-016,Parcel Select,14.10,2.18,10009,180
EasyPost,DEMO-0101,SHIP-2608-001780,2026-08-21,EB-2608-000141,GW-016,USPS Ground Advantage,3.65,0.00,10009,180
OSM,DEMO-0101,SHIP-2608-001781,2026-08-18,EB-2608-000155,GW-018,Parcel Select,5.71,0.00,10009,180
EasyPost,DEMO-0101,SHIP-2608-001782,2026-08-18,EB-2608-000164,GW-020,USPS Priority,5.37,0.00,10009,180
Pitney Bowes,DEMO-0101,SHIP-2608-001783,2026-08-19,EB-2608-000170,GW-001,USPS Ground Advantage,7.40,0.00,10009,180
OSM,DEMO-0101,SHIP-2608-001784,2026-08-20,EB-2608-000213,GW-006,Parcel Select,12.09,0.00,10009,180
EasyPost,DEMO-0101,SHIP-2608-001785,2026-08-17,EB-2608-000261,GW-021,USPS Ground Advantage,14.53,0.00,10009,180
OSM,DEMO-0101,SHIP-2608-001786,2026-08-19,EB-2608-000263,GW-002,Parcel Select,13.51,0.00,10009,180
EasyPost,DEMO-0101,SHIP-2608-001787,2026-08-17,EB-2608-000332,GW-003,USPS Priority,5.76,0.00,10009,180
OSM,DEMO-0101,SHIP-2608-001788,2026-08-19,EB-2608-000379,GW-009,Parcel Select,15.06,0.00,10009,180
OSM,DEMO-0101,SHIP-2608-001789,2026-08-17,EB-2608-000466,GW-009,Parcel Select,7.88,0.00,10009,180
OSM,DEMO-0101,SHIP-2608-001790,2026-08-17,EB-2608-000474,GW-008,Parcel Select,11.52,0.00,10009,180
OSM,DEMO-0101,SHIP-2608-001791,2026-08-18,EB-2608-000500,GW-018,Parcel Select,6.74,0.00,10009,180
OSM,DEMO-0101,SHIP-2608-001792,2026-08-20,EB-2608-000530,GW-017,Parcel Select,7.02,0.00,10009,180
OSM,DEMO-0101,SHIP-2608-001793,2026-08-17,EB-2608-000574,GW-016,Parcel Select,3.63,0.00,10009,180
EasyPost,DEMO-0101,SHIP-2608-001794,2026-08-17,EB-2608-000582,GW-016,USPS Ground Advantage,11.75,0.00,10009,180
OSM,DEMO-0101,SHIP-2608-001795,2026-08-17,EB-2608-000628,GW-004,Parcel Select,15.06,0.00,10009,180
Pitney Bowes,DEMO-0101,SHIP-2608-001796,2026-08-17,EB-2608-000664,GW-017,USPS Ground Advantage,5.23,0.00,10009,180
OSM,DEMO-0101,SHIP-2608-001797,2026-08-18,EB-2608-000672,GW-004,Parcel Select,3.91,0.00,10009,180
OSM,DEMO-0101,SHIP-2608-001798,2026-08-17,EB-2608-000681,GW-011,Parcel Select,13.65,0.00,10009,180
OSM,DEMO-0101,SHIP-2608-001799,2026-08-17,EB-2608-000790,GW-004,Parcel Select,12.43,0.00,10009,180
OSM,DEMO-0101,SHIP-2608-001800,2026-08-19,EB-2608-000815,GW-004,Parcel Select,6.32,0.00,10009,180
EasyPost,DEMO-0101,SHIP-2608-001801,2026-08-18,EB-2608-000846,GW-024,USPS Ground Advantage,13.88,0.00,10009,180
EasyPost,DEMO-0101,SHIP-2608-001802,2026-08-17,EB-2608-000860,GW-001,USPS Ground Advantage,7.53,0.00,10009,180
Pitney Bowes,DEMO-0101,SHIP-2608-001803,2026-08-17,EB-2608-000881,GW-020,USPS Ground Advantage,9.58,0.00,10009,180
EasyPost,DEMO-0101,SHIP-2608-001804,2026-08-17,GWB-2608-000003,GW-007,USPS Priority,7.70,0.00,10009,180
EasyPost,DEMO-0101,SHIP-2608-001805,2026-08-17,GWB-2608-000022,GW-002,USPS Priority,9.40,0.00,10009,180
EasyPost,DEMO-0101,SHIP-2608-001806,2026-08-17,GWB-2608-000054,GW-015,USPS Priority,8.09,0.00,10009,180
Pitney Bowes,DEMO-0101,SHIP-2608-001807,2026-08-18,GWB-2608-000064,GW-005,USPS Ground Advantage,14.76,0.00,10009,180
OSM,DEMO-0101,SHIP-2608-001808,2026-08-17,GWB-2608-000200,GW-020,Parcel Select,5.42,0.00,10009,180
Pitney Bowes,DEMO-0101,SHIP-2608-001809,2026-08-17,GWB-2608-000276,GW-006,USPS Ground Advantage,9.42,0.00,10009,180
OSM,DEMO-0101,SHIP-2608-001810,2026-08-19,GWB-2608-000322,GW-008,Parcel Select,13.62,0.00,10009,180
EasyPost,DEMO-0101,SHIP-2608-001811,2026-08-17,GWB-2608-000355,GW-006,USPS Priority,3.90,0.00,10009,180
OSM,DEMO-0101,SHIP-2608-001812,2026-08-19,GWB-2608-000366,GW-002,Parcel Select,3.61,-1.08,10009,180
OSM,DEMO-0101,SHIP-2608-001813,2026-08-17,GWB-2608-000423,GW-014,Parcel Select,5.31,0.00,10009,180
OSM,DEMO-0101,SHIP-2608-001814,2026-08-17,SGW-2608-000012,GW-012,Parcel Select,6.53,0.00,10009,180
OSM,DEMO-0101,SHIP-2608-001815,2026-08-18,SGW-2608-000201,GW-001,Parcel Select,5.64,0.00,10009,180
EasyPost,DEMO-0101,SHIP-2608-001816,2026-08-17,SGW-2608-000211,,USPS Priority,9.26,0.00,10009,180
OSM,DEMO-0101,SHIP-2608-001817,2026-08-18,SGW-2608-000234,GW-021,Parcel Select,5.77,0.00,10009,180
Pitney Bowes,DEMO-0101,SHIP-2608-001818,2026-08-17,SGW-2608-000271,GW-012,USPS Ground Advantage,5.58,0.00,10009,180
OSM,DEMO-0101,SHIP-2608-001819,2026-08-20,SGW-2608-000313,GW-008,Parcel Select,10.29,0.00,10009,180
Pitney Bowes,DEMO-0101,SHIP-2608-001820,2026-08-17,SGW-2608-000316,GW-015,USPS Ground Advantage,13.32,0.00,10009,180
OSM,DEMO-0101,SHIP-2608-001821,2026-08-21,SGW-2608-000327,GW-002,Parcel Select,13.96,0.00,10009,180
OSM,DEMO-0101,SHIP-2608-001822,2026-08-17,SGW-2608-000332,GW-019,Parcel Select,12.42,0.00,10009,180
EasyPost,DEMO-0101,SHIP-2608-001823,2026-08-17,SGW-2608-000338,GW-009,USPS Ground Advantage,12.04,0.00,10009,180
Pitney Bowes,DEMO-0101,SHIP-2608-001824,2026-08-17,SGW-2608-000389,GW-014,USPS Ground Advantage,12.94,0.00,10009,180
OSM,DEMO-0101,SHIP-2608-001825,2026-08-19,SGW-2608-000422,,Parcel Select,6.90,0.00,10009,180
Pitney Bowes,DEMO-0101,SHIP-2608-001826,2026-08-18,SGW-2608-000562,GW-016,USPS Ground Advantage,15.20,0.00,10009,180
OSM,DEMO-0101,SHIP-2608-001827,2026-08-17,SGW-2608-000611,GW-005,Parcel Select,8.36,0.00,10009,180
Pitney Bowes,DEMO-0101,SHIP-2608-001828,2026-08-17,SGW-2608-000631,GW-019,USPS Ground Advantage,4.39,0.00,10009,180
OSM,DEMO-0101,SHIP-2608-001829,2026-08-20,SGW-2608-000638,GW-018,Parcel Select,11.80,-1.63,10009,180
OSM,DEMO-0101,SHIP-2608-001830,2026-08-17,SGW-2608-000695,GW-009,Parcel Select,7.85,0.00,10009,180
OSM,DEMO-0101,SHIP-2608-001831,2026-08-18,SGW-2608-000742,GW-012,Parcel Select,6.29,0.00,10009,180
OSM,DEMO-0101,SHIP-2608-001832,2026-08-17,SGW-2608-000781,GW-020,Parcel Select,12.09,0.00,10009,180
OSM,DEMO-0101,SHIP-2608-001833,2026-08-17,SGW-2608-000826,GW-002,Parcel Select,14.19,0.00,10009,180
EasyPost,DEMO-0101,SHIP-2608-001834,2026-08-18,SGW-2608-000835,GW-003,USPS Priority,7.93,0.00,10009,180
OSM,DEMO-0101,SHIP-2608-001835,2026-08-21,SGW-2608-000839,GW-017,Parcel Select,5.83,0.00,10009,180
OSM,DEMO-0101,SHIP-2608-001836,2026-08-17,SGW-2608-000860,GW-008,Parcel Select,9.75,0.00,10009,180
OSM,DEMO-0101,SHIP-2608-001837,2026-08-19,SGW-2608-000869,GW-005,Parcel Select,6.71,0.00,10009,180
OSM,DEMO-0101,SHIP-2608-001838,2026-08-18,SGW-2608-000928,GW-024,Parcel Select,14.32,0.00,10009,180
Pitney Bowes,DEMO-0101,SHIP-2608-001839,2026-08-19,SGW-2608-001019,GW-012,USPS Ground Advantage,11.86,0.00,10009,180
Pitney Bowes,DEMO-0101,SHIP-2608-001840,2026-08-18,SGW-2608-001056,GW-018,USPS Ground Advantage,13.54,0.00,10009,180
EasyPost,DEMO-0101,SHIP-2608-001841,2026-08-18,SGW-2608-001071,GW-020,USPS Priority,10.81,0.00,10009,180
EasyPost,DEMO-0101,SHIP-2608-001842,2026-08-17,SGW-2608-001104,GW-002,USPS Priority,14.98,0.00,10009,180
EasyPost,DEMO-0101,SHIP-2608-001843,2026-08-19,SGW-2608-001122,GW-018,USPS Ground Advantage,13.00,0.00,10009,180
EasyPost,DEMO-0101,SHIP-2608-001844,2026-08-17,SGW-2608-001185,GW-012,USPS Priority,13.51,0.00,10009,180
Pitney Bowes,DEMO-0101,SHIP-2608-001845,2026-08-17,SGW-2608-001191,GW-018,USPS Ground Advantage,3.92,0.00,10009,180
Pitney Bowes,DEMO-0101,SHIP-2608-001846,2026-08-19,SGW-2608-001208,GW-013,USPS Ground Advantage,13.10,0.00,10009,180
OSM,DEMO-0101,SHIP-2608-001847,2026-08-18,SGW-2608-001219,GW-012,Parcel Select,10.30,0.00,10009,180
EasyPost,DEMO-0101,SHIP-2608-001848,2026-08-17,SGW-2608-001251,GW-017,USPS Ground Advantage,6.32,0.00,10009,180
OSM,DEMO-0101,SHIP-2608-001849,2026-08-18,SGW-2608-001285,GW-022,Parcel Select,15.10,0.00,10009,180
EasyPost,DEMO-0101,SHIP-2608-001850,2026-08-19,SGW-2608-001355,GW-001,USPS Ground Advantage,13.70,0.00,10009,180
Pitney Bowes,DEMO-0101,SHIP-2608-001851,2026-08-18,SGW-2608-001488,GW-023,USPS Ground Advantage,13.04,0.00,10009,180
Pitney Bowes,DEMO-0101,SHIP-2608-001852,2026-08-17,SGW-2608-001495,GW-015,USPS Ground Advantage,6.83,2.40,10009,180
Pitney Bowes,DEMO-0101,SHIP-2608-001853,2026-08-19,SGW-2608-001510,GW-009,USPS Ground Advantage,4.11,0.00,10009,180
Pitney Bowes,DEMO-0101,SHIP-2608-001854,2026-08-19,SGW-2608-001567,GW-023,USPS Ground Advantage,4.71,0.00,10009,180
Pitney Bowes,DEMO-0101,SHIP-2608-001855,2026-08-18,SGW-2608-001575,GW-019,USPS Ground Advantage,6.93,0.00,10009,180
OSM,DEMO-0101,SHIP-2608-001856,2026-08-17,SGW-2608-001609,GW-012,Parcel Select,8.26,0.00,10009,180
Pitney Bowes,DEMO-0101,SHIP-2608-001857,2026-08-19,SGW-2608-001646,GW-008,USPS Ground Advantage,5.32,0.00,10009,180
Pitney Bowes,DEMO-0101,SHIP-2608-001858,2026-08-20,SGW-2608-001655,GW-006,USPS Ground Advantage,12.92,0.00,10009,180
Pitney Bowes,DEMO-0101,SHIP-2608-001859,2026-08-17,SGW-2608-001658,GW-009,USPS Ground Advantage,13.10,0.07,10009,180
OSM,DEMO-0101,SHIP-2608-001860,2026-08-17,SGW-2608-001668,GW-005,Parcel Select,11.45,0.00,10009,180
OSM,DEMO-0101,SHIP-2608-001861,2026-08-18,SGW-2608-001752,GW-002,Parcel Select,11.83,0.00,10009,180
EasyPost,DEMO-0101,SHIP-2608-001862,2026-08-20,SGW-2608-001763,GW-008,USPS Ground Advantage,13.91,0.00,10009,180
OSM,DEMO-0101,SHIP-2608-001863,2026-08-17,SGW-2608-001764,GW-009,Parcel Select,3.66,0.00,10009,180
Pitney Bowes,DEMO-0101,SHIP-2608-001864,2026-08-20,UP-2608-000012,GW-012,USPS Ground Advantage,11.54,0.00,10009,180
OSM,DEMO-0101,SHIP-2608-001865,2026-08-17,UP-2608-000041,GW-020,Parcel Select,3.84,0.00,10009,180
EasyPost,DEMO-0101,SHIP-2608-001866,2026-08-17,UP-2608-000058,GW-016,USPS Priority,9.44,0.00,10009,180
Pitney Bowes,DEMO-0101,SHIP-2608-001867,2026-08-17,UP-2608-000095,GW-007,USPS Ground Advantage,5.63,0.00,10009,180
OSM,DEMO-0101,SHIP-2608-001868,2026-08-17,UP-2608-000112,GW-019,Parcel Select,15.07,0.00,10009,180
OSM,DEMO-0101,SHIP-2608-001869,2026-08-19,UP-2608-000157,GW-009,Parcel Select,4.33,0.00,10009,180
Pitney Bowes,DEMO-0101,SHIP-2608-001870,2026-08-17,UP-2608-000170,GW-004,USPS Ground Advantage,11.67,0.00,10009,180
OSM,DEMO-0101,SHIP-2608-001871,2026-08-18,UP-2608-000182,GW-018,Parcel Select,4.99,0.00,10009,180
Pitney Bowes,DEMO-0101,SHIP-2608-001872,2026-08-18,UP-2608-000203,GW-013,USPS Ground Advantage,3.81,0.00,10009,180
EasyPost,DEMO-0101,SHIP-2608-001873,2026-08-18,UP-2608-000216,GW-017,USPS Priority,5.43,0.00,10009,180
Pitney Bowes,DEMO-0101,SHIP-2608-001874,2026-08-17,UP-2608-000262,GW-021,USPS Ground Advantage,7.94,0.00,10009,180
OSM,DEMO-0101,SHIP-2608-001875,2026-08-17,UP-2608-000278,GW-017,Parcel Select,13.01,0.00,10009,180
EasyPost,DEMO-0101,SHIP-2608-001876,2026-08-18,UP-2608-000288,GW-015,USPS Ground Advantage,10.10,0.00,10009,180
EasyPost,DEMO-0101,SHIP-2608-001877,2026-08-17,UP-2608-000358,GW-001,USPS Priority,15.11,0.00,10009,180
EasyPost,DEMO-0101,SHIP-2608-001878,2026-08-17,UP-2608-000362,GW-011,USPS Priority,5.56,0.00,10009,180
OSM,DEMO-0101,SHIP-2608-001879,2026-08-18,UP-2608-000391,GW-005,Parcel Select,9.82,0.00,10009,180
Pitney Bowes,DEMO-0101,SHIP-2608-001880,2026-08-18,UP-2608-000403,GW-004,USPS Ground Advantage,5.13,0.00,10009,180
EasyPost,DEMO-0101,SHIP-2608-001881,2026-08-17,UP-2608-000448,GW-004,USPS Priority,6.57,2.09,10009,180
EasyPost,DEMO-0101,SHIP-2608-001882,2026-08-18,UP-2608-000450,GW-016,USPS Priority,11.09,0.00,10009,180
EasyPost,DEMO-0101,SHIP-2608-001883,2026-08-17,UP-2608-000620,GW-001,USPS Ground Advantage,9.94,0.00,10009,180
Pitney Bowes,DEMO-0101,SHIP-2608-001884,2026-08-20,AMZ-2608-000037,GW-011,USPS Ground Advantage,4.12,0.00,10009,180
Pitney Bowes,DEMO-0101,SHIP-2608-001885,2026-08-19,AMZ-2608-000054,GW-005,USPS Ground Advantage,9.14,0.00,10009,180
EasyPost,DEMO-0101,SHIP-2608-001886,2026-08-20,AMZ-2608-000077,GW-009,USPS Priority,11.81,0.00,10009,180
Pitney Bowes,DEMO-0101,SHIP-2608-001887,2026-08-18,AMZ-2608-000095,GW-012,USPS Ground Advantage,5.84,-0.46,10009,180
Pitney Bowes,DEMO-0101,SHIP-2608-001888,2026-08-19,AMZ-2608-000101,GW-018,USPS Ground Advantage,11.41,0.00,10009,180
OSM,DEMO-0101,SHIP-2608-001889,2026-08-18,AMZ-2608-000112,GW-023,Parcel Select,13.99,0.00,10009,180
Pitney Bowes,DEMO-0101,SHIP-2608-001890,2026-08-19,AMZ-2608-000215,GW-020,USPS Ground Advantage,4.90,0.00,10009,180
EasyPost,DEMO-0101,SHIP-2608-001891,2026-08-18,AMZ-2608-000235,GW-022,USPS Ground Advantage,10.82,0.00,10009,180
OSM,DEMO-0101,SHIP-2608-001892,2026-08-18,AMZ-2608-000248,GW-002,Parcel Select,12.22,0.00,10009,180
OSM,DEMO-0101,SHIP-2608-001893,2026-08-18,AMZ-2608-000255,GW-004,Parcel Select,5.64,0.00,10009,180
EasyPost,DEMO-0101,SHIP-2608-001894,2026-08-18,AMZ-2608-000330,GW-018,USPS Ground Advantage,11.22,0.00,10009,180
OSM,DEMO-0101,SHIP-2608-001895,2026-08-19,AMZ-2608-000341,GW-023,Parcel Select,11.29,0.00,10009,180
EasyPost,DEMO-0101,SHIP-2608-001896,2026-08-19,AMZ-2608-000343,GW-001,USPS Priority,8.80,0.00,10009,180
OSM,DEMO-0101,SHIP-2608-001897,2026-08-18,AMZ-2608-000347,GW-016,Parcel Select,8.27,0.00,10009,180
OSM,DEMO-0101,SHIP-2608-001898,2026-08-20,AMZ-2608-000399,GW-012,Parcel Select,6.78,0.00,10009,180
Pitney Bowes,DEMO-0101,SHIP-2608-001899,2026-08-18,AMZ-2608-000417,GW-020,USPS Ground Advantage,11.27,0.00,10009,180
OSM,DEMO-0101,SHIP-2608-001900,2026-08-18,AMZ-2608-000505,GW-007,Parcel Select,12.36,0.00,10009,180
Pitney Bowes,DEMO-0101,SHIP-2608-001901,2026-08-19,AMZ-2608-000627,GW-012,USPS Ground Advantage,10.27,0.00,10009,180
OSM,DEMO-0101,SHIP-2608-001902,2026-08-18,AMZ-2608-000639,GW-006,Parcel Select,9.89,0.00,10009,180
OSM,DEMO-0101,SHIP-2608-001903,2026-08-20,AMZ-2608-000646,GW-020,Parcel Select,6.28,0.00,10009,180
EasyPost,DEMO-0101,SHIP-2608-001904,2026-08-18,CM-2608-000025,GW-021,USPS Ground Advantage,14.74,0.00,10009,180
EasyPost,DEMO-0101,SHIP-2608-001905,2026-08-19,CM-2608-000080,GW-011,USPS Ground Advantage,10.39,0.00,10009,180
OSM,DEMO-0101,SHIP-2608-001906,2026-08-18,CM-2608-000085,GW-006,Parcel Select,8.74,0.00,10009,180
OSM,DEMO-0101,SHIP-2608-001907,2026-08-20,CM-2608-000115,GW-021,Parcel Select,5.03,0.00,10009,180
OSM,DEMO-0101,SHIP-2608-001908,2026-08-18,CM-2608-000160,GW-021,Parcel Select,4.92,0.00,10009,180
OSM,DEMO-0101,SHIP-2608-001909,2026-08-20,CM-2608-000257,GW-020,Parcel Select,13.95,-1.13,10009,180
EasyPost,DEMO-0101,SHIP-2608-001910,2026-08-20,CM-2608-000388,GW-019,USPS Ground Advantage,4.40,0.00,10009,180
Pitney Bowes,DEMO-0101,SHIP-2608-001911,2026-08-18,CM-2608-000410,GW-014,USPS Ground Advantage,14.19,0.00,10009,180
EasyPost,DEMO-0101,SHIP-2608-001912,2026-08-18,CM-2608-000469,GW-024,USPS Ground Advantage,12.28,0.00,10009,180
Pitney Bowes,DEMO-0101,SHIP-2608-001913,2026-08-19,CM-2608-000495,GW-017,USPS Ground Advantage,4.48,0.00,10009,180
OSM,DEMO-0101,SHIP-2608-001914,2026-08-20,EB-2608-000006,GW-012,Parcel Select,12.09,0.00,10009,180
OSM,DEMO-0101,SHIP-2608-001915,2026-08-18,EB-2608-000070,GW-020,Parcel Select,3.71,0.00,10009,180
Pitney Bowes,DEMO-0101,SHIP-2608-001916,2026-08-19,EB-2608-000222,GW-012,USPS Ground Advantage,3.56,0.00,10009,180
OSM,DEMO-0101,SHIP-2608-001917,2026-08-19,EB-2608-000395,GW-014,Parcel Select,13.69,0.00,10009,180
OSM,DEMO-0101,SHIP-2608-001918,2026-08-18,EB-2608-000517,GW-013,Parcel Select,7.99,0.00,10009,180
OSM,DEMO-0101,SHIP-2608-001919,2026-08-19,EB-2608-000568,GW-006,Parcel Select,7.33,0.00,10009,180
EasyPost,DEMO-0101,SHIP-2608-001920,2026-08-19,EB-2608-000612,GW-007,USPS Ground Advantage,8.68,0.00,10009,180
OSM,DEMO-0101,SHIP-2608-001921,2026-08-18,EB-2608-000759,GW-022,Parcel Select,10.59,0.00,10009,180
Pitney Bowes,DEMO-0101,SHIP-2608-001922,2026-08-21,EB-2608-000787,GW-009,USPS Ground Advantage,3.84,0.00,10009,180
OSM,DEMO-0101,SHIP-2608-001923,2026-08-18,GWB-2608-000021,GW-004,Parcel Select,12.68,0.00,10009,180
OSM,DEMO-0101,SHIP-2608-001924,2026-08-19,GWB-2608-000081,GW-004,Parcel Select,12.14,0.00,10009,180
EasyPost,DEMO-0101,SHIP-2608-001925,2026-08-19,GWB-2608-000088,GW-019,USPS Priority,4.85,0.00,10009,180
Pitney Bowes,DEMO-0101,SHIP-2608-001926,2026-08-18,GWB-2608-000096,GW-001,USPS Ground Advantage,5.29,0.00,10009,180
OSM,DEMO-0101,SHIP-2608-001927,2026-08-18,GWB-2608-000195,GW-007,Parcel Select,4.06,0.00,10009,180
Pitney Bowes,DEMO-0101,SHIP-2608-001928,2026-08-21,GWB-2608-000263,GW-004,USPS Ground Advantage,10.89,0.00,10009,180
Pitney Bowes,DEMO-0101,SHIP-2608-001929,2026-08-18,GWB-2608-000299,GW-008,USPS Ground Advantage,3.87,0.00,10009,180
EasyPost,DEMO-0101,SHIP-2608-001930,2026-08-18,GWB-2608-000331,GW-019,USPS Ground Advantage,9.29,0.00,10009,180
EasyPost,DEMO-0101,SHIP-2608-001931,2026-08-21,GWB-2608-000348,GW-017,USPS Priority,14.00,0.00,10009,180
Pitney Bowes,DEMO-0101,SHIP-2608-001932,2026-08-18,GWB-2608-000372,GW-005,USPS Ground Advantage,6.03,0.00,10009,180
OSM,DEMO-0101,SHIP-2608-001933,2026-08-19,GWB-2608-000402,GW-015,Parcel Select,3.80,0.00,10009,180
Pitney Bowes,DEMO-0101,SHIP-2608-001934,2026-08-18,GWB-2608-000419,GW-022,USPS Ground Advantage,13.45,0.00,10009,180
OSM,DEMO-0101,SHIP-2608-001935,2026-08-18,GWB-2608-000430,GW-002,Parcel Select,10.28,0.00,10009,180
EasyPost,DEMO-0101,SHIP-2608-001936,2026-08-19,SGW-2608-000005,GW-003,USPS Ground Advantage,8.20,0.00,10009,180
OSM,DEMO-0101,SHIP-2608-001937,2026-08-18,SGW-2608-000039,GW-013,Parcel Select,4.08,0.00,10009,180
Pitney Bowes,DEMO-0101,SHIP-2608-001938,2026-08-19,SGW-2608-000128,GW-003,USPS Ground Advantage,8.07,0.00,10009,180
OSM,DEMO-0101,SHIP-2608-001939,2026-08-18,SGW-2608-000247,GW-008,Parcel Select,3.70,0.00,10009,180
OSM,DEMO-0101,SHIP-2608-001940,2026-08-18,SGW-2608-000288,GW-004,Parcel Select,8.08,0.00,10009,180
EasyPost,DEMO-0101,SHIP-2608-001941,2026-08-18,SGW-2608-000335,GW-014,USPS Priority,10.47,0.00,10009,180
Pitney Bowes,DEMO-0101,SHIP-2608-001942,2026-08-18,SGW-2608-000344,GW-022,USPS Ground Advantage,9.41,0.00,10009,180
OSM,DEMO-0101,SHIP-2608-001943,2026-08-19,SGW-2608-000445,GW-002,Parcel Select,6.42,0.00,10009,180
Pitney Bowes,DEMO-0101,SHIP-2608-001944,2026-08-18,SGW-2608-000447,GW-016,USPS Ground Advantage,7.04,0.00,10009,180
Pitney Bowes,DEMO-0101,SHIP-2608-001945,2026-08-19,SGW-2608-000450,GW-019,USPS Ground Advantage,6.16,0.00,10009,180
OSM,DEMO-0101,SHIP-2608-001946,2026-08-19,SGW-2608-000539,GW-002,Parcel Select,9.46,0.00,10009,180
Pitney Bowes,DEMO-0101,SHIP-2608-001947,2026-08-18,SGW-2608-000651,GW-017,USPS Ground Advantage,13.50,0.00,10009,180
Pitney Bowes,DEMO-0101,SHIP-2608-001948,2026-08-19,SGW-2608-000707,GW-012,USPS Ground Advantage,14.09,0.00,10009,180
OSM,DEMO-0101,SHIP-2608-001949,2026-08-24,SGW-2608-000717,GW-017,Parcel Select,13.44,0.00,10009,180
EasyPost,DEMO-0101,SHIP-2608-001950,2026-08-18,SGW-2608-000768,GW-016,USPS Ground Advantage,13.36,0.00,10009,180
OSM,DEMO-0101,SHIP-2608-001951,2026-08-19,SGW-2608-000849,GW-019,Parcel Select,7.98,0.00,10009,180
OSM,DEMO-0101,SHIP-2608-001952,2026-08-19,SGW-2608-000919,GW-019,Parcel Select,13.81,0.00,10009,180
OSM,DEMO-0101,SHIP-2608-001953,2026-08-18,SGW-2608-000939,GW-016,Parcel Select,11.63,0.00,10009,180
OSM,DEMO-0101,SHIP-2608-001954,2026-08-19,SGW-2608-000955,GW-018,Parcel Select,14.35,0.00,10009,180
Pitney Bowes,DEMO-0101,SHIP-2608-001955,2026-08-18,SGW-2608-000964,GW-004,USPS Ground Advantage,3.64,0.00,10009,180
OSM,DEMO-0101,SHIP-2608-001956,2026-08-24,SGW-2608-001066,GW-009,Parcel Select,10.52,0.00,10009,180
OSM,DEMO-0101,SHIP-2608-001957,2026-08-20,SGW-2608-001083,GW-002,Parcel Select,14.19,0.00,10009,180
Pitney Bowes,DEMO-0101,SHIP-2608-001958,2026-08-19,SGW-2608-001102,GW-001,USPS Ground Advantage,4.31,0.00,10009,180
OSM,DEMO-0101,SHIP-2608-001959,2026-08-19,SGW-2608-001149,GW-008,Parcel Select,5.62,0.00,10009,180
EasyPost,DEMO-0101,SHIP-2608-001960,2026-08-18,SGW-2608-001189,GW-009,USPS Ground Advantage,10.86,-1.17,10009,180
Pitney Bowes,DEMO-0101,SHIP-2608-001961,2026-08-18,SGW-2608-001199,GW-020,USPS Ground Advantage,6.31,0.00,10009,180
OSM,DEMO-0101,SHIP-2608-001962,2026-08-19,SGW-2608-001262,GW-002,Parcel Select,9.46,0.00,10009,180
Pitney Bowes,DEMO-0101,SHIP-2608-001963,2026-08-24,SGW-2608-001275,GW-016,USPS Ground Advantage,11.09,0.00,10009,180
OSM,DEMO-0101,SHIP-2608-001964,2026-08-18,SGW-2608-001362,GW-011,Parcel Select,14.94,0.00,10009,180
Pitney Bowes,DEMO-0101,SHIP-2608-001965,2026-08-19,SGW-2608-001417,GW-003,USPS Ground Advantage,6.08,0.00,10009,180
EasyPost,DEMO-0101,SHIP-2608-001966,2026-08-18,SGW-2608-001449,GW-004,USPS Ground Advantage,8.33,0.00,10009,180
Pitney Bowes,DEMO-0101,SHIP-2608-001967,2026-08-18,SGW-2608-001460,GW-014,USPS Ground Advantage,10.33,0.00,10009,180
Pitney Bowes,DEMO-0101,SHIP-2608-001968,2026-08-18,SGW-2608-001512,GW-022,USPS Ground Advantage,10.83,0.00,10009,180
Pitney Bowes,DEMO-0101,SHIP-2608-001969,2026-08-18,SGW-2608-001534,GW-016,USPS Ground Advantage,9.24,0.00,10009,180
Pitney Bowes,DEMO-0101,SHIP-2608-001970,2026-08-18,SGW-2608-001602,GW-019,USPS Ground Advantage,5.50,0.00,10009,180
OSM,DEMO-0101,SHIP-2608-001971,2026-08-20,SGW-2608-001669,GW-006,Parcel Select,7.25,0.00,10009,180
OSM,DEMO-0101,SHIP-2608-001972,2026-08-20,SGW-2608-001717,GW-004,Parcel Select,4.30,0.00,10009,180
OSM,DEMO-0101,SHIP-2608-001973,2026-08-19,SGW-2608-001722,GW-012,Parcel Select,3.96,0.00,10009,180
OSM,DEMO-0101,SHIP-2608-001974,2026-08-21,SGW-2608-001729,GW-001,Parcel Select,8.77,0.00,10009,180
EasyPost,DEMO-0101,SHIP-2608-001975,2026-08-18,SGW-2608-001772,GW-005,USPS Ground Advantage,8.38,0.00,10009,180
OSM,DEMO-0101,SHIP-2608-001976,2026-08-20,SGW-2608-001798,GW-020,Parcel Select,11.91,0.00,10009,180
OSM,DEMO-0101,SHIP-2608-001977,2026-08-21,UP-2608-000062,GW-004,Parcel Select,14.28,0.00,10009,180
OSM,DEMO-0101,SHIP-2608-001978,2026-08-18,UP-2608-000162,GW-018,Parcel Select,14.90,0.00,10009,180
Pitney Bowes,DEMO-0101,SHIP-2608-001979,2026-08-18,UP-2608-000232,GW-007,USPS Ground Advantage,4.58,0.00,10009,180
OSM,DEMO-0101,SHIP-2608-001980,2026-08-19,UP-2608-000235,GW-001,Parcel Select,10.55,0.00,10009,180
OSM,DEMO-0101,SHIP-2608-001981,2026-08-19,UP-2608-000409,GW-016,Parcel Select,13.64,0.00,10009,180
OSM,DEMO-0101,SHIP-2608-001982,2026-08-18,UP-2608-000551,GW-005,Parcel Select,4.84,0.00,10009,180
OSM,DEMO-0101,SHIP-2608-001983,2026-08-20,UP-2608-000624,GW-012,Parcel Select,13.01,0.00,10009,180
OSM,DEMO-0101,SHIP-2608-001984,2026-08-20,AMZ-2608-000033,GW-024,Parcel Select,13.02,0.00,10009,180
OSM,DEMO-0101,SHIP-2608-001985,2026-08-19,AMZ-2608-000052,GW-009,Parcel Select,12.31,0.00,10009,180
Pitney Bowes,DEMO-0101,SHIP-2608-001986,2026-08-20,AMZ-2608-000062,GW-022,USPS Ground Advantage,5.53,0.00,10009,180
OSM,DEMO-0101,SHIP-2608-001987,2026-08-20,AMZ-2608-000104,GW-003,Parcel Select,11.72,0.00,10009,180
OSM,DEMO-0101,SHIP-2608-001988,2026-08-19,AMZ-2608-000218,GW-004,Parcel Select,14.02,0.00,10009,180
EasyPost,DEMO-0101,SHIP-2608-001989,2026-08-19,AMZ-2608-000265,GW-004,USPS Priority,8.73,0.00,10009,180
Pitney Bowes,DEMO-0101,SHIP-2608-001990,2026-08-19,AMZ-2608-000356,GW-012,USPS Ground Advantage,12.14,0.00,10009,180
OSM,DEMO-0101,SHIP-2608-001991,2026-08-24,AMZ-2608-000412,GW-003,Parcel Select,14.32,0.00,10009,180
OSM,DEMO-0101,SHIP-2608-001992,2026-08-20,AMZ-2608-000416,GW-008,Parcel Select,3.77,0.00,10009,180
OSM,DEMO-0101,SHIP-2608-001993,2026-08-19,AMZ-2608-000466,GW-023,Parcel Select,13.47,0.00,10009,180
OSM,DEMO-0101,SHIP-2608-001994,2026-08-20,AMZ-2608-000540,GW-024,Parcel Select,6.55,0.00,10009,180
OSM,DEMO-0101,SHIP-2608-001995,2026-08-21,AMZ-2608-000592,GW-015,Parcel Select,14.87,0.00,10009,180
OSM,DEMO-0101,SHIP-2608-001996,2026-08-20,AMZ-2608-000650,GW-024,Parcel Select,9.55,0.00,10009,180
EasyPost,DEMO-0101,SHIP-2608-001997,2026-08-19,CM-2608-000013,GW-012,USPS Priority,8.70,0.00,10009,180
EasyPost,DEMO-0101,SHIP-2608-001998,2026-08-24,CM-2608-000022,GW-009,USPS Ground Advantage,12.30,0.00,10009,180
Pitney Bowes,DEMO-0101,SHIP-2608-001999,2026-08-20,CM-2608-000078,GW-015,USPS Ground Advantage,5.69,0.00,10009,180
OSM,DEMO-0101,SHIP-2608-002000,2026-08-19,CM-2608-000103,GW-007,Parcel Select,14.42,0.00,10009,180
Pitney Bowes,DEMO-0101,SHIP-2608-002001,2026-08-19,CM-2608-000131,GW-009,USPS Ground Advantage,9.46,0.00,10009,180
Pitney Bowes,DEMO-0101,SHIP-2608-002002,2026-08-19,CM-2608-000189,GW-017,USPS Ground Advantage,6.77,0.00,10009,180
OSM,DEMO-0101,SHIP-2608-002003,2026-08-19,CM-2608-000207,GW-010,Parcel Select,10.92,0.00,10009,180
OSM,DEMO-0101,SHIP-2608-002004,2026-08-20,CM-2608-000225,GW-018,Parcel Select,6.43,0.00,10009,180
EasyPost,DEMO-0101,SHIP-2608-002005,2026-08-19,CM-2608-000226,GW-008,USPS Priority,5.56,0.00,10009,180
Pitney Bowes,DEMO-0101,SHIP-2608-002006,2026-08-21,CM-2608-000267,GW-001,USPS Ground Advantage,14.59,0.00,10009,180
Pitney Bowes,DEMO-0101,SHIP-2608-002007,2026-08-20,CM-2608-000404,GW-019,USPS Ground Advantage,3.98,2.10,10009,180
Pitney Bowes,DEMO-0101,SHIP-2608-002008,2026-08-19,CM-2608-000450,GW-018,USPS Ground Advantage,14.88,0.00,10009,180
Pitney Bowes,DEMO-0101,SHIP-2608-002009,2026-08-21,EB-2608-000010,GW-002,USPS Ground Advantage,12.54,-1.56,10009,180
Pitney Bowes,DEMO-0101,SHIP-2608-002010,2026-08-21,EB-2608-000039,GW-003,USPS Ground Advantage,7.84,0.00,10009,180
OSM,DEMO-0101,SHIP-2608-002011,2026-08-21,EB-2608-000043,GW-016,Parcel Select,8.23,0.00,10009,180
Pitney Bowes,DEMO-0101,SHIP-2608-002012,2026-08-21,EB-2608-000104,GW-022,USPS Ground Advantage,5.73,0.00,10009,180
OSM,DEMO-0101,SHIP-2608-002013,2026-08-19,EB-2608-000128,GW-001,Parcel Select,11.27,0.00,10009,180
EasyPost,DEMO-0101,SHIP-2608-002014,2026-08-20,EB-2608-000247,GW-013,USPS Priority,6.39,0.00,10009,180
Pitney Bowes,DEMO-0101,SHIP-2608-002015,2026-08-21,EB-2608-000256,GW-012,USPS Ground Advantage,12.39,0.00,10009,180
Pitney Bowes,DEMO-0101,SHIP-2608-002016,2026-08-19,EB-2608-000310,GW-015,USPS Ground Advantage,7.99,0.00,10009,180
Pitney Bowes,DEMO-0101,SHIP-2608-002017,2026-08-19,EB-2608-000356,GW-006,USPS Ground Advantage,8.02,0.00,10009,180
OSM,DEMO-0101,SHIP-2608-002018,2026-08-20,EB-2608-000368,GW-001,Parcel Select,3.58,0.00,10009,180
EasyPost,DEMO-0101,SHIP-2608-002019,2026-08-20,EB-2608-000518,GW-012,USPS Ground Advantage,14.13,0.00,10009,180
Pitney Bowes,DEMO-0101,SHIP-2608-002020,2026-08-20,EB-2608-000526,GW-015,USPS Ground Advantage,11.34,0.00,10009,180
OSM,DEMO-0101,SHIP-2608-002021,2026-08-24,EB-2608-000528,GW-020,Parcel Select,14.09,0.00,10009,180
OSM,DEMO-0101,SHIP-2608-002022,2026-08-20,EB-2608-000585,GW-018,Parcel Select,13.43,0.00,10009,180
Pitney Bowes,DEMO-0101,SHIP-2608-002023,2026-08-20,EB-2608-000587,GW-004,USPS Ground Advantage,12.54,-1.58,10009,180
Pitney Bowes,DEMO-0101,SHIP-2608-002024,2026-08-19,EB-2608-000605,GW-001,USPS Ground Advantage,14.61,0.00,10009,180
OSM,DEMO-0101,SHIP-2608-002025,2026-08-19,EB-2608-000621,GW-012,Parcel Select,4.31,0.00,10009,180
OSM,DEMO-0101,SHIP-2608-002026,2026-08-19,EB-2608-000698,GW-016,Parcel Select,6.93,0.00,10009,180
OSM,DEMO-0101,SHIP-2608-002027,2026-08-21,EB-2608-000710,GW-013,Parcel Select,6.66,0.00,10009,180
OSM,DEMO-0101,SHIP-2608-002028,2026-08-24,EB-2608-000729,GW-019,Parcel Select,6.02,-1.44,10009,180
OSM,DEMO-0101,SHIP-2608-002029,2026-08-19,EB-2608-000745,GW-002,Parcel Select,12.72,0.00,10009,180
Pitney Bowes,DEMO-0101,SHIP-2608-002030,2026-08-24,EB-2608-000749,GW-017,USPS Ground Advantage,4.80,0.00,10009,180
EasyPost,DEMO-0101,SHIP-2608-002031,2026-08-19,EB-2608-000750,GW-012,USPS Priority,10.47,0.00,10009,180
OSM,DEMO-0101,SHIP-2608-002032,2026-08-21,EB-2608-000774,GW-001,Parcel Select,3.54,-0.45,10009,180
OSM,DEMO-0101,SHIP-2608-002033,2026-08-19,EB-2608-000778,GW-002,Parcel Select,9.94,0.00,10009,180
OSM,DEMO-0101,SHIP-2608-002034,2026-08-19,EB-2608-000832,GW-012,Parcel Select,13.24,0.00,10009,180
OSM,DEMO-0101,SHIP-2608-002035,2026-08-19,EB-2608-000879,GW-009,Parcel Select,4.57,0.00,10009,180
EasyPost,DEMO-0101,SHIP-2608-002036,2026-08-19,GWB-2608-000080,GW-001,USPS Ground Advantage,4.51,0.00,10009,180
Pitney Bowes,DEMO-0101,SHIP-2608-002037,2026-08-19,GWB-2608-000209,GW-012,USPS Ground Advantage,8.32,0.00,10009,180
EasyPost,DEMO-0101,SHIP-2608-002038,2026-08-19,GWB-2608-000293,GW-019,USPS Priority,7.17,0.00,10009,180
Pitney Bowes,DEMO-0101,SHIP-2608-002039,2026-08-20,GWB-2608-000337,GW-005,USPS Ground Advantage,11.59,0.00,10009,180
OSM,DEMO-0101,SHIP-2608-002040,2026-08-19,GWB-2608-000440,GW-001,Parcel Select,14.74,0.00,10009,180
OSM,DEMO-0101,SHIP-2608-002041,2026-08-19,SGW-2608-000219,GW-006,Parcel Select,13.60,0.00,10009,180
EasyPost,DEMO-0101,SHIP-2608-002042,2026-08-19,SGW-2608-000232,GW-024,USPS Ground Advantage,9.90,0.00,10009,180
EasyPost,DEMO-0101,SHIP-2608-002043,2026-08-19,SGW-2608-000381,GW-008,USPS Priority,6.73,0.00,10009,180
OSM,DEMO-0101,SHIP-2608-002044,2026-08-19,SGW-2608-000427,GW-020,Parcel Select,5.39,0.00,10009,180
OSM,DEMO-0101,SHIP-2608-002045,2026-08-20,SGW-2608-000436,GW-018,Parcel Select,5.83,0.00,10009,180
Pitney Bowes,DEMO-0101,SHIP-2608-002046,2026-08-21,SGW-2608-000460,GW-009,USPS Ground Advantage,11.89,0.00,10009,180
OSM,DEMO-0101,SHIP-2608-002047,2026-08-24,SGW-2608-000465,GW-016,Parcel Select,3.81,0.00,10009,180
OSM,DEMO-0101,SHIP-2608-002048,2026-08-19,SGW-2608-000475,GW-017,Parcel Select,4.74,0.00,10009,180
EasyPost,DEMO-0101,SHIP-2608-002049,2026-08-19,SGW-2608-000512,GW-003,USPS Ground Advantage,12.79,0.00,10009,180
EasyPost,DEMO-0101,SHIP-2608-002050,2026-08-20,SGW-2608-000550,GW-024,USPS Ground Advantage,5.81,0.00,10009,180
Pitney Bowes,DEMO-0101,SHIP-2608-002051,2026-08-19,SGW-2608-000560,GW-016,USPS Ground Advantage,5.11,0.00,10009,180
Pitney Bowes,DEMO-0101,SHIP-2608-002052,2026-08-19,SGW-2608-000772,GW-011,USPS Ground Advantage,6.56,0.00,10009,180
EasyPost,DEMO-0101,SHIP-2608-002053,2026-08-19,SGW-2608-000817,GW-017,USPS Priority,13.75,0.00,10009,180
OSM,DEMO-0101,SHIP-2608-002054,2026-08-19,SGW-2608-000944,GW-012,Parcel Select,14.61,0.00,10009,180
Pitney Bowes,DEMO-0101,SHIP-2608-002055,2026-08-24,SGW-2608-000950,GW-010,USPS Ground Advantage,7.35,0.00,10009,180
Pitney Bowes,DEMO-0101,SHIP-2608-002056,2026-08-20,SGW-2608-000962,GW-023,USPS Ground Advantage,7.43,0.00,10009,180
Pitney Bowes,DEMO-0101,SHIP-2608-002057,2026-08-19,SGW-2608-001021,GW-005,USPS Ground Advantage,4.31,0.00,10009,180
OSM,DEMO-0101,SHIP-2608-002058,2026-08-19,SGW-2608-001031,GW-009,Parcel Select,13.52,0.00,10009,180
OSM,DEMO-0101,SHIP-2608-002059,2026-08-19,SGW-2608-001035,GW-012,Parcel Select,5.11,0.00,10009,180
OSM,DEMO-0101,SHIP-2608-002060,2026-08-24,SGW-2608-001046,GW-015,Parcel Select,11.22,0.00,10009,180
EasyPost,DEMO-0101,SHIP-2608-002061,2026-08-19,SGW-2608-001252,GW-016,USPS Ground Advantage,6.66,0.00,10009,180
OSM,DEMO-0101,SHIP-2608-002062,2026-08-20,SGW-2608-001271,GW-009,Parcel Select,9.70,0.00,10009,180
OSM,DEMO-0101,SHIP-2608-002063,2026-08-21,SGW-2608-001279,GW-016,Parcel Select,5.27,0.00,10009,180
OSM,DEMO-0101,SHIP-2608-002064,2026-08-19,SGW-2608-001294,GW-004,Parcel Select,14.70,0.00,10009,180
OSM,DEMO-0101,SHIP-2608-002065,2026-08-19,SGW-2608-001375,GW-009,Parcel Select,4.94,0.00,10009,180
EasyPost,DEMO-0101,SHIP-2608-002066,2026-08-21,SGW-2608-001521,GW-001,USPS Priority,13.33,0.00,10009,180
Pitney Bowes,DEMO-0101,SHIP-2608-002067,2026-08-20,SGW-2608-001536,GW-008,USPS Ground Advantage,13.65,0.00,10009,180
OSM,DEMO-0101,SHIP-2608-002068,2026-08-19,SGW-2608-001574,GW-011,Parcel Select,7.21,0.00,10009,180
Pitney Bowes,DEMO-0101,SHIP-2608-002069,2026-08-19,SGW-2608-001631,GW-019,USPS Ground Advantage,8.10,0.00,10009,180
OSM,DEMO-0101,SHIP-2608-002070,2026-08-20,UP-2608-000092,GW-016,Parcel Select,7.67,0.00,10009,180
OSM,DEMO-0101,SHIP-2608-002071,2026-08-19,UP-2608-000105,GW-008,Parcel Select,8.64,1.60,10009,180
OSM,DEMO-0101,SHIP-2608-002072,2026-08-21,UP-2608-000155,GW-017,Parcel Select,12.37,0.00,10009,180
Pitney Bowes,DEMO-0101,SHIP-2608-002073,2026-08-21,UP-2608-000195,GW-014,USPS Ground Advantage,12.62,0.00,10009,180
EasyPost,DEMO-0101,SHIP-2608-002074,2026-08-24,UP-2608-000233,GW-001,USPS Priority,4.97,0.00,10009,180
OSM,DEMO-0101,SHIP-2608-002075,2026-08-21,UP-2608-000315,GW-004,Parcel Select,4.12,0.00,10009,180
EasyPost,DEMO-0101,SHIP-2608-002076,2026-08-19,UP-2608-000456,GW-003,USPS Ground Advantage,7.76,0.00,10009,180
EasyPost,DEMO-0101,SHIP-2608-002077,2026-08-19,UP-2608-000508,GW-002,USPS Ground Advantage,3.64,0.00,10009,180
OSM,DEMO-0101,SHIP-2608-002078,2026-08-19,UP-2608-000544,GW-012,Parcel Select,11.54,-0.44,10009,180
Pitney Bowes,DEMO-0101,SHIP-2608-002079,2026-08-20,AMZ-2608-000015,GW-020,USPS Ground Advantage,9.95,0.00,10009,180
OSM,DEMO-0101,SHIP-2608-002080,2026-08-21,AMZ-2608-000160,GW-015,Parcel Select,9.07,0.00,10009,180
Pitney Bowes,DEMO-0101,SHIP-2608-002081,2026-08-24,AMZ-2608-000176,GW-020,USPS Ground Advantage,15.06,3.36,10009,180
OSM,DEMO-0101,SHIP-2608-002082,2026-08-24,AMZ-2608-000182,GW-012,Parcel Select,11.54,0.00,10009,180
OSM,DEMO-0101,SHIP-2608-002083,2026-08-24,AMZ-2608-000270,GW-006,Parcel Select,9.70,0.00,10009,180
OSM,DEMO-0101,SHIP-2608-002084,2026-08-21,AMZ-2608-000291,GW-003,Parcel Select,14.32,-0.11,10009,180
OSM,DEMO-0101,SHIP-2608-002085,2026-08-21,AMZ-2608-000452,GW-009,Parcel Select,9.02,0.00,10009,180
EasyPost,DEMO-0101,SHIP-2608-002086,2026-08-21,AMZ-2608-000502,GW-005,USPS Priority,6.24,0.00,10009,180
OSM,DEMO-0101,SHIP-2608-002087,2026-08-24,AMZ-2608-000538,GW-014,Parcel Select,13.04,2.86,10009,180
Pitney Bowes,DEMO-0101,SHIP-2608-002088,2026-08-24,CM-2608-000011,GW-002,USPS Ground Advantage,10.03,0.00,10009,180
Pitney Bowes,DEMO-0101,SHIP-2608-002089,2026-08-21,CM-2608-000018,GW-001,USPS Ground Advantage,4.26,0.06,10009,180
Pitney Bowes,DEMO-0101,SHIP-2608-002090,2026-08-24,CM-2608-000200,GW-007,USPS Ground Advantage,5.63,0.00,10009,180
OSM,DEMO-0101,SHIP-2608-002091,2026-08-24,CM-2608-000238,GW-022,Parcel Select,14.32,0.00,10009,180
OSM,DEMO-0101,SHIP-2608-002092,2026-08-20,CM-2608-000455,GW-015,Parcel Select,13.97,0.00,10009,180
OSM,DEMO-0101,SHIP-2608-002093,2026-08-20,EB-2608-000018,GW-020,Parcel Select,7.86,0.00,10009,180
OSM,DEMO-0101,SHIP-2608-002094,2026-08-20,EB-2608-000139,GW-008,Parcel Select,6.29,0.61,10009,180
EasyPost,DEMO-0101,SHIP-2608-002095,2026-08-21,EB-2608-000269,GW-011,USPS Priority,14.40,0.00,10009,180
Pitney Bowes,DEMO-0101,SHIP-2608-002096,2026-08-21,EB-2608-000329,GW-012,USPS Ground Advantage,9.98,0.00,10009,180
EasyPost,DEMO-0101,SHIP-2608-002097,2026-08-20,EB-2608-000343,GW-024,USPS Priority,14.48,0.00,10009,180
Pitney Bowes,DEMO-0101,SHIP-2608-002098,2026-08-20,EB-2608-000454,GW-020,USPS Ground Advantage,10.35,0.00,10009,180
Pitney Bowes,DEMO-0101,SHIP-2608-002099,2026-08-20,EB-2608-000490,GW-024,USPS Ground Advantage,13.73,0.00,10009,180
Pitney Bowes,DEMO-0101,SHIP-2608-002100,2026-08-24,EB-2608-000501,GW-010,USPS Ground Advantage,8.35,0.00,10009,180
OSM,DEMO-0101,SHIP-2608-002101,2026-08-20,EB-2608-000615,GW-024,Parcel Select,10.99,0.00,10009,180
OSM,DEMO-0101,SHIP-2608-002102,2026-08-21,EB-2608-000630,GW-010,Parcel Select,14.10,0.00,10009,180
OSM,DEMO-0101,SHIP-2608-002103,2026-08-21,EB-2608-000637,GW-017,Parcel Select,13.54,0.00,10009,180
Pitney Bowes,DEMO-0101,SHIP-2608-002104,2026-08-21,EB-2608-000659,GW-006,USPS Ground Advantage,9.33,0.00,10009,180
OSM,DEMO-0101,SHIP-2608-002105,2026-08-20,EB-2608-000665,GW-001,Parcel Select,4.78,0.00,10009,180
Pitney Bowes,DEMO-0101,SHIP-2608-002106,2026-08-20,EB-2608-000676,GW-011,USPS Ground Advantage,6.38,0.98,10009,180
Pitney Bowes,DEMO-0101,SHIP-2608-002107,2026-08-21,EB-2608-000692,GW-017,USPS Ground Advantage,6.69,0.00,10009,180
Pitney Bowes,DEMO-0101,SHIP-2608-002108,2026-08-24,EB-2608-000697,GW-005,USPS Ground Advantage,10.81,0.00,10009,180
Pitney Bowes,DEMO-0101,SHIP-2608-002109,2026-08-21,GWB-2608-000047,GW-020,USPS Ground Advantage,9.68,0.00,10009,180
OSM,DEMO-0101,SHIP-2608-002110,2026-08-21,GWB-2608-000138,GW-021,Parcel Select,13.01,0.00,10009,180
Pitney Bowes,DEMO-0101,SHIP-2608-002111,2026-08-24,GWB-2608-000186,GW-024,USPS Ground Advantage,9.64,0.00,10009,180
OSM,DEMO-0101,SHIP-2608-002112,2026-08-24,GWB-2608-000215,GW-012,Parcel Select,12.64,0.00,10009,180
OSM,DEMO-0101,SHIP-2608-002113,2026-08-24,GWB-2608-000240,GW-003,Parcel Select,6.24,-1.46,10009,180
Pitney Bowes,DEMO-0101,SHIP-2608-002114,2026-08-24,GWB-2608-000259,GW-016,USPS Ground Advantage,5.78,0.00,10009,180
OSM,DEMO-0101,SHIP-2608-002115,2026-08-24,GWB-2608-000308,GW-009,Parcel Select,6.42,1.87,10009,180
OSM,DEMO-0101,SHIP-2608-002116,2026-08-24,SGW-2608-000001,GW-024,Parcel Select,4.18,0.00,10009,180
EasyPost,DEMO-0101,SHIP-2608-002117,2026-08-21,SGW-2608-000135,GW-021,USPS Priority,11.41,0.00,10009,180
EasyPost,DEMO-0101,SHIP-2608-002118,2026-08-24,SGW-2608-000361,GW-008,USPS Priority,5.77,0.00,10009,180
OSM,DEMO-0101,SHIP-2608-002119,2026-08-20,SGW-2608-000385,GW-004,Parcel Select,12.98,0.00,10009,180
EasyPost,DEMO-0101,SHIP-2608-002120,2026-08-20,SGW-2608-000414,GW-017,USPS Ground Advantage,5.84,0.00,10009,180
Pitney Bowes,DEMO-0101,SHIP-2608-002121,2026-08-24,SGW-2608-000489,GW-004,USPS Ground Advantage,12.54,0.00,10009,180
OSM,DEMO-0101,SHIP-2608-002122,2026-08-20,SGW-2608-000510,GW-007,Parcel Select,6.71,0.00,10009,180
OSM,DEMO-0101,SHIP-2608-002123,2026-08-20,SGW-2608-000533,GW-009,Parcel Select,13.49,0.00,10009,180
EasyPost,DEMO-0101,SHIP-2608-002124,2026-08-20,SGW-2608-000640,GW-015,USPS Ground Advantage,9.91,0.00,10009,180
Pitney Bowes,DEMO-0101,SHIP-2608-002125,2026-08-20,SGW-2608-000686,GW-017,USPS Ground Advantage,9.74,0.00,10009,180
Pitney Bowes,DEMO-0101,SHIP-2608-002126,2026-08-20,SGW-2608-000693,GW-019,USPS Ground Advantage,14.34,0.00,10009,180
EasyPost,DEMO-0101,SHIP-2608-002127,2026-08-24,SGW-2608-000724,GW-004,USPS Priority,14.75,0.00,10009,180
OSM,DEMO-0101,SHIP-2608-002128,2026-08-20,SGW-2608-000748,GW-010,Parcel Select,14.93,0.00,10009,180
OSM,DEMO-0101,SHIP-2608-002129,2026-08-20,SGW-2608-000830,GW-023,Parcel Select,6.57,0.00,10009,180
OSM,DEMO-0101,SHIP-2608-002130,2026-08-21,SGW-2608-000901,GW-011,Parcel Select,6.28,0.00,10009,180
OSM,DEMO-0101,SHIP-2608-002131,2026-08-20,SGW-2608-000911,GW-020,Parcel Select,5.59,0.00,10009,180
OSM,DEMO-0101,SHIP-2608-002132,2026-08-21,SGW-2608-001024,GW-024,Parcel Select,7.25,0.00,10009,180
OSM,DEMO-0101,SHIP-2608-002133,2026-08-20,SGW-2608-001117,GW-015,Parcel Select,3.53,0.00,10009,180
OSM,DEMO-0101,SHIP-2608-002134,2026-08-24,SGW-2608-001272,GW-021,Parcel Select,15.03,0.00,10009,180
Pitney Bowes,DEMO-0101,SHIP-2608-002135,2026-08-21,SGW-2608-001277,GW-010,USPS Ground Advantage,10.32,0.00,10009,180
OSM,DEMO-0101,SHIP-2608-002136,2026-08-20,SGW-2608-001348,GW-022,Parcel Select,12.82,0.00,10009,180
Pitney Bowes,DEMO-0101,SHIP-2608-002137,2026-08-24,SGW-2608-001366,GW-007,USPS Ground Advantage,9.36,0.00,10009,180
EasyPost,DEMO-0101,SHIP-2608-002138,2026-08-21,SGW-2608-001380,GW-016,USPS Ground Advantage,4.01,0.00,10009,180
EasyPost,DEMO-0101,SHIP-2608-002139,2026-08-21,SGW-2608-001431,GW-008,USPS Priority,11.47,0.00,10009,180
OSM,DEMO-0101,SHIP-2608-002140,2026-08-21,SGW-2608-001457,GW-004,Parcel Select,8.89,0.00,10009,180
OSM,DEMO-0101,SHIP-2608-002141,2026-08-20,SGW-2608-001458,GW-016,Parcel Select,13.88,0.00,10009,180
OSM,DEMO-0101,SHIP-2608-002142,2026-08-21,SGW-2608-001506,GW-012,Parcel Select,8.16,0.00,10009,180
OSM,DEMO-0101,SHIP-2608-002143,2026-08-21,SGW-2608-001508,GW-024,Parcel Select,13.08,0.00,10009,180
EasyPost,DEMO-0101,SHIP-2608-002144,2026-08-20,SGW-2608-001559,GW-005,USPS Ground Advantage,14.19,0.00,10009,180
OSM,DEMO-0101,SHIP-2608-002145,2026-08-21,SGW-2608-001682,GW-009,Parcel Select,12.53,0.00,10009,180
OSM,DEMO-0101,SHIP-2608-002146,2026-08-21,SGW-2608-001688,,Parcel Select,5.05,0.00,10009,180
Pitney Bowes,DEMO-0101,SHIP-2608-002147,2026-08-20,SGW-2608-001715,GW-001,USPS Ground Advantage,14.62,0.00,10009,180
EasyPost,DEMO-0101,SHIP-2608-002148,2026-08-24,UP-2608-000030,GW-024,USPS Priority,7.06,0.00,10009,180
OSM,DEMO-0101,SHIP-2608-002149,2026-08-20,UP-2608-000080,GW-021,Parcel Select,5.74,0.00,10009,180
Pitney Bowes,DEMO-0101,SHIP-2608-002150,2026-08-21,UP-2608-000084,GW-015,USPS Ground Advantage,7.59,0.00,10009,180
OSM,DEMO-0101,SHIP-2608-002151,2026-08-21,UP-2608-000096,GW-009,Parcel Select,13.85,0.00,10009,180
OSM,DEMO-0101,SHIP-2608-002152,2026-08-20,UP-2608-000115,GW-017,Parcel Select,4.31,0.00,10009,180
OSM,DEMO-0101,SHIP-2608-002153,2026-08-24,UP-2608-000117,GW-008,Parcel Select,8.23,0.00,10009,180
EasyPost,DEMO-0101,SHIP-2608-002154,2026-08-21,UP-2608-000175,GW-004,USPS Priority,7.32,0.00,10009,180
EasyPost,DEMO-0101,SHIP-2608-002155,2026-08-24,UP-2608-000183,GW-018,USPS Priority,6.34,0.00,10009,180
EasyPost,DEMO-0101,SHIP-2608-002156,2026-08-20,UP-2608-000229,GW-015,USPS Ground Advantage,11.09,0.00,10009,180
OSM,DEMO-0101,SHIP-2608-002157,2026-08-21,UP-2608-000240,GW-020,Parcel Select,5.76,0.00,10009,180
OSM,DEMO-0101,SHIP-2608-002158,2026-08-24,UP-2608-000297,GW-016,Parcel Select,15.23,0.00,10009,180
OSM,DEMO-0101,SHIP-2608-002159,2026-08-24,UP-2608-000428,GW-004,Parcel Select,8.48,0.00,10009,180
EasyPost,DEMO-0101,SHIP-2608-002160,2026-08-20,UP-2608-000430,GW-003,USPS Priority,14.91,0.00,10009,180
OSM,DEMO-0101,SHIP-2608-002161,2026-08-24,UP-2608-000516,GW-019,Parcel Select,12.56,0.00,10009,180
OSM,DEMO-0101,SHIP-2608-002162,2026-08-24,UP-2608-000518,GW-015,Parcel Select,9.71,0.00,10009,180
Pitney Bowes,DEMO-0101,SHIP-2608-002163,2026-08-24,UP-2608-000523,GW-024,USPS Ground Advantage,6.89,0.00,10009,180
Pitney Bowes,DEMO-0101,SHIP-2608-002164,2026-08-21,UP-2608-000531,GW-009,USPS Ground Advantage,10.00,0.00,10009,180
Pitney Bowes,DEMO-0101,SHIP-2608-002165,2026-08-20,UP-2608-000577,GW-022,USPS Ground Advantage,9.23,0.00,10009,180
OSM,DEMO-0101,SHIP-2608-002166,2026-08-21,AMZ-2608-000002,GW-002,Parcel Select,4.33,0.00,10009,180
EasyPost,DEMO-0101,SHIP-2608-002167,2026-08-24,AMZ-2608-000034,GW-008,USPS Priority,13.78,0.00,10009,180
Pitney Bowes,DEMO-0101,SHIP-2608-002168,2026-08-24,AMZ-2608-000080,GW-015,USPS Ground Advantage,7.76,0.00,10009,180
OSM,DEMO-0101,SHIP-2608-002169,2026-08-24,AMZ-2608-000123,GW-008,Parcel Select,8.94,0.00,10009,180
Pitney Bowes,DEMO-0101,SHIP-2608-002170,2026-08-21,AMZ-2608-000181,GW-011,USPS Ground Advantage,4.12,0.00,10009,180
OSM,DEMO-0101,SHIP-2608-002171,2026-08-21,AMZ-2608-000196,GW-021,Parcel Select,7.96,0.00,10009,180
Pitney Bowes,DEMO-0101,SHIP-2608-002172,2026-08-24,AMZ-2608-000222,GW-012,USPS Ground Advantage,8.70,0.00,10009,180
EasyPost,DEMO-0101,SHIP-2608-002173,2026-08-21,AMZ-2608-000259,GW-023,USPS Priority,8.59,0.00,10009,180
Pitney Bowes,DEMO-0101,SHIP-2608-002174,2026-08-21,AMZ-2608-000285,GW-014,USPS Ground Advantage,3.64,0.00,10009,180
OSM,DEMO-0101,SHIP-2608-002175,2026-08-21,AMZ-2608-000295,GW-008,Parcel Select,4.99,0.00,10009,180
OSM,DEMO-0101,SHIP-2608-002176,2026-08-24,AMZ-2608-000354,GW-004,Parcel Select,12.71,0.00,10009,180
OSM,DEMO-0101,SHIP-2608-002177,2026-08-21,AMZ-2608-000459,GW-008,Parcel Select,15.20,0.00,10009,180
OSM,DEMO-0101,SHIP-2608-002178,2026-08-21,AMZ-2608-000476,GW-012,Parcel Select,13.11,0.00,10009,180
OSM,DEMO-0101,SHIP-2608-002179,2026-08-24,AMZ-2608-000483,GW-012,Parcel Select,4.17,0.00,10009,180
OSM,DEMO-0101,SHIP-2608-002180,2026-08-21,AMZ-2608-000509,GW-019,Parcel Select,12.46,0.00,10009,180
OSM,DEMO-0101,SHIP-2608-002181,2026-08-21,AMZ-2608-000525,GW-012,Parcel Select,11.26,0.00,10009,180
OSM,DEMO-0101,SHIP-2608-002182,2026-08-24,AMZ-2608-000577,GW-024,Parcel Select,14.54,0.00,10009,180
EasyPost,DEMO-0101,SHIP-2608-002183,2026-08-24,AMZ-2608-000608,GW-005,USPS Priority,12.38,0.00,10009,180
OSM,DEMO-0101,SHIP-2608-002184,2026-08-21,AMZ-2608-000609,GW-015,Parcel Select,12.65,0.00,10009,180
Pitney Bowes,DEMO-0101,SHIP-2608-002185,2026-08-24,AMZ-2608-000611,GW-004,USPS Ground Advantage,12.75,0.00,10009,180
OSM,DEMO-0101,SHIP-2608-002186,2026-08-24,AMZ-2608-000632,GW-024,Parcel Select,9.33,0.00,10009,180
OSM,DEMO-0101,SHIP-2608-002187,2026-08-24,AMZ-2608-000641,GW-009,Parcel Select,8.58,0.00,10009,180
EasyPost,DEMO-0101,SHIP-2608-002188,2026-08-21,CM-2608-000005,GW-014,USPS Ground Advantage,12.13,0.00,10009,180
OSM,DEMO-0101,SHIP-2608-002189,2026-08-21,CM-2608-000042,GW-002,Parcel Select,6.70,0.00,10009,180
OSM,DEMO-0101,SHIP-2608-002190,2026-08-24,CM-2608-000084,GW-006,Parcel Select,14.67,0.00,10009,180
Pitney Bowes,DEMO-0101,SHIP-2608-002191,2026-08-24,CM-2608-000121,GW-008,USPS Ground Advantage,10.66,0.00,10009,180
OSM,DEMO-0101,SHIP-2608-002192,2026-08-21,CM-2608-000133,GW-024,Parcel Select,11.91,0.00,10009,180
OSM,DEMO-0101,SHIP-2608-002193,2026-08-24,CM-2608-000141,GW-001,Parcel Select,13.90,0.00,10009,180
OSM,DEMO-0101,SHIP-2608-002194,2026-08-21,CM-2608-000181,GW-009,Parcel Select,13.23,0.00,10009,180
EasyPost,DEMO-0101,SHIP-2608-002195,2026-08-24,CM-2608-000209,GW-016,USPS Ground Advantage,12.13,0.00,10009,180
OSM,DEMO-0101,SHIP-2608-002196,2026-08-21,CM-2608-000290,GW-001,Parcel Select,11.93,0.00,10009,180
OSM,DEMO-0101,SHIP-2608-002197,2026-08-21,CM-2608-000323,GW-006,Parcel Select,9.59,0.00,10009,180
OSM,DEMO-0101,SHIP-2608-002198,2026-08-21,EB-2608-000026,GW-024,Parcel Select,8.54,0.00,10009,180
Pitney Bowes,DEMO-0101,SHIP-2608-002199,2026-08-24,EB-2608-000053,GW-024,USPS Ground Advantage,10.89,0.00,10009,180
OSM,DEMO-0101,SHIP-2608-002200,2026-08-21,EB-2608-000058,GW-018,Parcel Select,9.65,0.00,10009,180
Pitney Bowes,DEMO-0101,SHIP-2608-002201,2026-08-24,EB-2608-000078,GW-016,USPS Ground Advantage,7.42,0.00,10009,180
OSM,DEMO-0101,SHIP-2608-002202,2026-08-21,EB-2608-000079,GW-001,Parcel Select,10.94,0.00,10009,180
OSM,DEMO-0101,SHIP-2608-002203,2026-08-21,EB-2608-000160,GW-013,Parcel Select,12.65,0.00,10009,180
Pitney Bowes,DEMO-0101,SHIP-2608-002204,2026-08-24,EB-2608-000192,GW-001,USPS Ground Advantage,6.51,0.00,10009,180
Pitney Bowes,DEMO-0101,SHIP-2608-002205,2026-08-24,EB-2608-000239,GW-001,USPS Ground Advantage,9.49,0.00,10009,180
OSM,DEMO-0101,SHIP-2608-002206,2026-08-24,EB-2608-000252,GW-004,Parcel Select,8.17,0.00,10009,180
OSM,DEMO-0101,SHIP-2608-002207,2026-08-21,EB-2608-000318,GW-024,Parcel Select,6.11,0.00,10009,180
EasyPost,DEMO-0101,SHIP-2608-002208,2026-08-24,EB-2608-000326,GW-012,USPS Ground Advantage,4.42,-1.37,10009,180
OSM,DEMO-0101,SHIP-2608-002209,2026-08-21,EB-2608-000413,GW-009,Parcel Select,11.45,0.00,10009,180
OSM,DEMO-0101,SHIP-2608-002210,2026-08-24,EB-2608-000495,GW-008,Parcel Select,7.52,0.00,10009,180
OSM,DEMO-0101,SHIP-2608-002211,2026-08-24,EB-2608-000577,GW-002,Parcel Select,10.10,0.00,10009,180
OSM,DEMO-0101,SHIP-2608-002212,2026-08-24,EB-2608-000597,GW-024,Parcel Select,5.63,0.00,10009,180
Pitney Bowes,DEMO-0101,SHIP-2608-002213,2026-08-24,EB-2608-000645,GW-016,USPS Ground Advantage,7.88,0.00,10009,180
Pitney Bowes,DEMO-0101,SHIP-2608-002214,2026-08-21,EB-2608-000818,GW-023,USPS Ground Advantage,9.80,0.00,10009,180
EasyPost,DEMO-0101,SHIP-2608-002215,2026-08-24,EB-2608-000829,GW-014,USPS Ground Advantage,8.35,0.00,10009,180
OSM,DEMO-0101,SHIP-2608-002216,2026-08-21,EB-2608-000843,GW-009,Parcel Select,4.32,1.33,10009,180
EasyPost,DEMO-0101,SHIP-2608-002217,2026-08-24,EB-2608-000864,GW-020,USPS Priority,10.21,0.00,10009,180
OSM,DEMO-0101,SHIP-2608-002218,2026-08-24,GWB-2608-000036,GW-012,Parcel Select,3.59,0.60,10009,180
OSM,DEMO-0101,SHIP-2608-002219,2026-08-21,GWB-2608-000302,GW-017,Parcel Select,9.38,0.00,10009,180
OSM,DEMO-0101,SHIP-2608-002220,2026-08-24,GWB-2608-000318,GW-024,Parcel Select,9.46,0.00,10009,180
EasyPost,DEMO-0101,SHIP-2608-002221,2026-08-24,GWB-2608-000339,GW-013,USPS Priority,7.75,0.00,10009,180
OSM,DEMO-0101,SHIP-2608-002222,2026-08-24,GWB-2608-000363,GW-012,Parcel Select,13.24,0.00,10009,180
OSM,DEMO-0101,SHIP-2608-002223,2026-08-21,GWB-2608-000384,GW-020,Parcel Select,11.62,0.00,10009,180
OSM,DEMO-0101,SHIP-2608-002224,2026-08-21,GWB-2608-000436,GW-008,Parcel Select,7.37,0.00,10009,180
OSM,DEMO-0101,SHIP-2608-002225,2026-08-24,SGW-2608-000008,GW-004,Parcel Select,7.71,0.00,10009,180
OSM,DEMO-0101,SHIP-2608-002226,2026-08-24,SGW-2608-000014,GW-005,Parcel Select,10.99,0.00,10009,180
OSM,DEMO-0101,SHIP-2608-002227,2026-08-21,SGW-2608-000068,GW-009,Parcel Select,7.22,0.00,10009,180
Pitney Bowes,DEMO-0101,SHIP-2608-002228,2026-08-24,SGW-2608-000089,GW-009,USPS Ground Advantage,12.62,0.00,10009,180
OSM,DEMO-0101,SHIP-2608-002229,2026-08-21,SGW-2608-000091,GW-010,Parcel Select,14.68,0.00,10009,180
OSM,DEMO-0101,SHIP-2608-002230,2026-08-21,SGW-2608-000132,GW-016,Parcel Select,12.00,3.32,10009,180
Pitney Bowes,DEMO-0101,SHIP-2608-002231,2026-08-21,SGW-2608-000245,GW-012,USPS Ground Advantage,14.57,0.00,10009,180
Pitney Bowes,DEMO-0101,SHIP-2608-002232,2026-08-24,SGW-2608-000355,GW-017,USPS Ground Advantage,15.07,0.36,10009,180
OSM,DEMO-0101,SHIP-2608-002233,2026-08-21,SGW-2608-000362,GW-002,Parcel Select,6.04,0.00,10009,180
OSM,DEMO-0101,SHIP-2608-002234,2026-08-21,SGW-2608-000545,GW-012,Parcel Select,13.18,0.00,10009,180
Pitney Bowes,DEMO-0101,SHIP-2608-002235,2026-08-24,SGW-2608-000557,GW-021,USPS Ground Advantage,9.11,0.00,10009,180
EasyPost,DEMO-0101,SHIP-2608-002236,2026-08-21,SGW-2608-000612,GW-012,USPS Priority,7.35,0.00,10009,180
Pitney Bowes,DEMO-0101,SHIP-2608-002237,2026-08-21,SGW-2608-000646,GW-024,USPS Ground Advantage,7.88,0.00,10009,180
Pitney Bowes,DEMO-0101,SHIP-2608-002238,2026-08-21,SGW-2608-000756,GW-002,USPS Ground Advantage,7.43,0.00,10009,180
OSM,DEMO-0101,SHIP-2608-002239,2026-08-24,SGW-2608-000773,GW-018,Parcel Select,12.00,0.00,10009,180
OSM,DEMO-0101,SHIP-2608-002240,2026-08-24,SGW-2608-000787,GW-008,Parcel Select,8.37,0.00,10009,180
OSM,DEMO-0101,SHIP-2608-002241,2026-08-24,SGW-2608-000800,GW-018,Parcel Select,5.59,0.00,10009,180
OSM,DEMO-0101,SHIP-2608-002242,2026-08-21,SGW-2608-000804,GW-021,Parcel Select,14.03,2.18,10009,180
EasyPost,DEMO-0101,SHIP-2608-002243,2026-08-24,SGW-2608-000824,GW-001,USPS Priority,14.27,0.00,10009,180
OSM,DEMO-0101,SHIP-2608-002244,2026-08-21,SGW-2608-000832,GW-008,Parcel Select,7.45,0.00,10009,180
Pitney Bowes,DEMO-0101,SHIP-2608-002245,2026-08-24,SGW-2608-000954,GW-009,USPS Ground Advantage,4.83,0.00,10009,180
Pitney Bowes,DEMO-0101,SHIP-2608-002246,2026-08-24,SGW-2608-000970,GW-001,USPS Ground Advantage,5.93,0.00,10009,180
OSM,DEMO-0101,SHIP-2608-002247,2026-08-21,SGW-2608-001192,GW-001,Parcel Select,11.56,0.00,10009,180
OSM,DEMO-0101,SHIP-2608-002248,2026-08-21,SGW-2608-001229,GW-006,Parcel Select,14.27,0.00,10009,180
OSM,DEMO-0101,SHIP-2608-002249,2026-08-24,SGW-2608-001323,GW-024,Parcel Select,13.79,0.00,10009,180
Pitney Bowes,DEMO-0101,SHIP-2608-002250,2026-08-21,SGW-2608-001352,GW-018,USPS Ground Advantage,15.01,0.00,10009,180
Pitney Bowes,DEMO-0101,SHIP-2608-002251,2026-08-24,SGW-2608-001357,GW-011,USPS Ground Advantage,3.52,0.00,10009,180
EasyPost,DEMO-0101,SHIP-2608-002252,2026-08-24,SGW-2608-001372,GW-012,USPS Priority,12.79,0.00,10009,180
EasyPost,DEMO-0101,SHIP-2608-002253,2026-08-24,SGW-2608-001444,GW-010,USPS Ground Advantage,9.87,0.00,10009,180
EasyPost,DEMO-0101,SHIP-2608-002254,2026-08-21,SGW-2608-001475,GW-018,USPS Ground Advantage,4.59,0.00,10009,180
EasyPost,DEMO-0101,SHIP-2608-002255,2026-08-21,SGW-2608-001493,GW-009,USPS Ground Advantage,9.47,0.00,10009,180
Pitney Bowes,DEMO-0101,SHIP-2608-002256,2026-08-21,SGW-2608-001548,GW-014,USPS Ground Advantage,5.16,0.00,10009,180
OSM,DEMO-0101,SHIP-2608-002257,2026-08-24,SGW-2608-001603,GW-021,Parcel Select,9.32,0.00,10009,180
OSM,DEMO-0101,SHIP-2608-002258,2026-08-21,SGW-2608-001610,GW-020,Parcel Select,14.83,0.00,10009,180
OSM,DEMO-0101,SHIP-2608-002259,2026-08-21,SGW-2608-001639,GW-005,Parcel Select,7.82,0.00,10009,180
EasyPost,DEMO-0101,SHIP-2608-002260,2026-08-24,SGW-2608-001660,GW-018,USPS Priority,12.97,0.00,10009,180
Pitney Bowes,DEMO-0101,SHIP-2608-002261,2026-08-24,SGW-2608-001662,GW-004,USPS Ground Advantage,14.03,0.00,10009,180
Pitney Bowes,DEMO-0101,SHIP-2608-002262,2026-08-21,SGW-2608-001667,GW-002,USPS Ground Advantage,11.31,0.00,10009,180
OSM,DEMO-0101,SHIP-2608-002263,2026-08-21,SGW-2608-001705,GW-010,Parcel Select,9.38,-1.65,10009,180
EasyPost,DEMO-0101,SHIP-2608-002264,2026-08-21,UP-2608-000055,GW-021,USPS Priority,9.90,0.00,10009,180
Pitney Bowes,DEMO-0101,SHIP-2608-002265,2026-08-24,UP-2608-000087,GW-015,USPS Ground Advantage,9.96,0.00,10009,180
EasyPost,DEMO-0101,SHIP-2608-002266,2026-08-21,UP-2608-000158,GW-018,USPS Ground Advantage,7.68,-1.77,10009,180
EasyPost,DEMO-0101,SHIP-2608-002267,2026-08-21,UP-2608-000241,GW-012,USPS Priority,7.57,0.00,10009,180
EasyPost,DEMO-0101,SHIP-2608-002268,2026-08-21,UP-2608-000275,GW-012,USPS Priority,8.70,0.00,10009,180
OSM,DEMO-0101,SHIP-2608-002269,2026-08-24,UP-2608-000303,GW-009,Parcel Select,6.36,0.00,10009,180
Pitney Bowes,DEMO-0101,SHIP-2608-002270,2026-08-21,UP-2608-000343,GW-015,USPS Ground Advantage,14.84,0.00,10009,180
OSM,DEMO-0101,SHIP-2608-002271,2026-08-24,UP-2608-000389,GW-012,Parcel Select,5.32,0.00,10009,180
OSM,DEMO-0101,SHIP-2608-002272,2026-08-24,UP-2608-000402,GW-008,Parcel Select,9.89,0.60,10009,180
OSM,DEMO-0101,SHIP-2608-002273,2026-08-21,UP-2608-000436,GW-012,Parcel Select,12.75,0.00,10009,180
OSM,DEMO-0101,SHIP-2608-002274,2026-08-24,UP-2608-000453,GW-021,Parcel Select,3.83,0.00,10009,180
EasyPost,DEMO-0101,SHIP-2608-002275,2026-08-24,UP-2608-000493,GW-004,USPS Priority,5.60,0.00,10009,180
OSM,DEMO-0101,SHIP-2608-002276,2026-08-21,UP-2608-000545,GW-024,Parcel Select,14.51,0.00,10009,180
OSM,DEMO-0101,SHIP-2608-002277,2026-08-24,UP-2608-000558,GW-007,Parcel Select,12.68,0.00,10009,180
OSM,DEMO-0101,SHIP-2608-002278,2026-08-24,UP-2608-000559,GW-008,Parcel Select,9.96,0.00,10009,180
OSM,DEMO-0101,SHIP-2608-002279,2026-08-21,UP-2608-000588,GW-018,Parcel Select,10.34,0.00,10009,180
OSM,DEMO-0101,SHIP-2608-002280,2026-08-21,UP-2608-000595,GW-005,Parcel Select,13.79,0.00,10009,180
OSM,DEMO-0101,SHIP-2608-002281,2026-08-24,UP-2608-000634,GW-006,Parcel Select,6.43,0.00,10009,180
EasyPost,DEMO-0101,SHIP-2608-002282,2026-08-24,UP-2608-000650,GW-021,USPS Ground Advantage,8.92,0.00,10009,180
OSM,DEMO-0101,SHIP-2608-002283,2026-08-24,AMZ-2608-000018,GW-005,Parcel Select,8.07,0.00,10009,180
Pitney Bowes,DEMO-0101,SHIP-2608-002284,2026-08-24,AMZ-2608-000081,GW-005,USPS Ground Advantage,3.68,0.00,10009,180
OSM,DEMO-0101,SHIP-2608-002285,2026-08-24,AMZ-2608-000134,GW-007,Parcel Select,10.40,0.00,10009,180
OSM,DEMO-0101,SHIP-2608-002286,2026-08-24,AMZ-2608-000161,GW-023,Parcel Select,8.94,0.00,10009,180
OSM,DEMO-0101,SHIP-2608-002287,2026-08-24,AMZ-2608-000202,GW-012,Parcel Select,4.79,0.00,10009,180
OSM,DEMO-0101,SHIP-2608-002288,2026-08-24,AMZ-2608-000274,GW-021,Parcel Select,12.42,0.00,10009,180
EasyPost,DEMO-0101,SHIP-2608-002289,2026-08-24,AMZ-2608-000397,GW-012,USPS Priority,5.72,0.00,10009,180
Pitney Bowes,DEMO-0101,SHIP-2608-002290,2026-08-24,AMZ-2608-000486,GW-009,USPS Ground Advantage,8.85,0.00,10009,180
OSM,DEMO-0101,SHIP-2608-002291,2026-08-24,AMZ-2608-000499,GW-014,Parcel Select,5.75,0.00,10009,180
EasyPost,DEMO-0101,SHIP-2608-002292,2026-08-24,AMZ-2608-000516,GW-010,USPS Ground Advantage,6.87,0.00,10009,180
OSM,DEMO-0101,SHIP-2608-002293,2026-08-24,AMZ-2608-000533,GW-015,Parcel Select,5.78,0.00,10009,180
Pitney Bowes,DEMO-0101,SHIP-2608-002294,2026-08-24,AMZ-2608-000535,GW-008,USPS Ground Advantage,11.31,0.00,10009,180
OSM,DEMO-0101,SHIP-2608-002295,2026-08-24,AMZ-2608-000590,GW-002,Parcel Select,15.10,0.00,10009,180
Pitney Bowes,DEMO-0101,SHIP-2608-002296,2026-08-24,AMZ-2608-000603,GW-006,USPS Ground Advantage,14.16,0.00,10009,180
OSM,DEMO-0101,SHIP-2608-002297,2026-08-24,AMZ-2608-000619,GW-002,Parcel Select,5.65,0.00,10009,180
OSM,DEMO-0101,SHIP-2608-002298,2026-08-24,CM-2608-000031,GW-004,Parcel Select,8.75,0.00,10009,180
EasyPost,DEMO-0101,SHIP-2608-002299,2026-08-24,CM-2608-000153,GW-013,USPS Priority,8.76,1.04,10009,180
OSM,DEMO-0101,SHIP-2608-002300,2026-08-24,CM-2608-000164,GW-008,Parcel Select,12.44,0.00,10009,180
OSM,DEMO-0101,SHIP-2608-002301,2026-08-24,CM-2608-000222,GW-006,Parcel Select,11.47,0.00,10009,180
OSM,DEMO-0101,SHIP-2608-002302,2026-08-24,CM-2608-000272,GW-004,Parcel Select,3.70,0.00,10009,180
EasyPost,DEMO-0101,SHIP-2608-002303,2026-08-24,CM-2608-000338,GW-012,USPS Priority,10.15,0.00,10009,180
OSM,DEMO-0101,SHIP-2608-002304,2026-08-25,CM-2608-000346,GW-001,Parcel Select,13.63,0.00,10009,180
EasyPost,DEMO-0101,SHIP-2608-002305,2026-08-24,CM-2608-000401,GW-018,USPS Ground Advantage,14.51,0.00,10009,180
OSM,DEMO-0101,SHIP-2608-002306,2026-08-25,CM-2608-000486,GW-007,Parcel Select,5.72,0.00,10009,180
Pitney Bowes,DEMO-0101,SHIP-2608-002307,2026-08-24,EB-2608-000051,GW-008,USPS Ground Advantage,3.91,0.00,10009,180
OSM,DEMO-0101,SHIP-2608-002308,2026-08-24,EB-2608-000107,GW-016,Parcel Select,7.35,0.00,10009,180
OSM,DEMO-0101,SHIP-2608-002309,2026-08-24,EB-2608-000146,GW-004,Parcel Select,8.05,0.00,10009,180
Pitney Bowes,DEMO-0101,SHIP-2608-002310,2026-08-24,EB-2608-000154,GW-016,USPS Ground Advantage,11.47,0.00,10009,180
Pitney Bowes,DEMO-0101,SHIP-2608-002311,2026-08-24,EB-2608-000188,GW-017,USPS Ground Advantage,11.50,0.00,10009,180
OSM,DEMO-0101,SHIP-2608-002312,2026-08-24,EB-2608-000207,GW-012,Parcel Select,11.44,0.00,10009,180
EasyPost,DEMO-0101,SHIP-2608-002313,2026-08-24,EB-2608-000285,GW-007,USPS Ground Advantage,14.85,0.00,10009,180
OSM,DEMO-0101,SHIP-2608-002314,2026-08-25,EB-2608-000292,GW-009,Parcel Select,7.32,0.00,10009,180
EasyPost,DEMO-0101,SHIP-2608-002315,2026-08-24,EB-2608-000396,GW-006,USPS Ground Advantage,7.38,0.00,10009,180
Pitney Bowes,DEMO-0101,SHIP-2608-002316,2026-08-24,EB-2608-000408,GW-005,USPS Ground Advantage,9.66,0.00,10009,180
OSM,DEMO-0101,SHIP-2608-002317,2026-08-24,EB-2608-000480,GW-013,Parcel Select,13.02,0.00,10009,180
EasyPost,DEMO-0101,SHIP-2608-002318,2026-08-24,EB-2608-000492,GW-001,USPS Ground Advantage,5.77,0.00,10009,180
OSM,DEMO-0101,SHIP-2608-002319,2026-08-24,EB-2608-000547,GW-017,Parcel Select,10.43,0.00,10009,180
EasyPost,DEMO-0101,SHIP-2608-002320,2026-08-24,EB-2608-000565,GW-002,USPS Priority,8.64,0.00,10009,180
OSM,DEMO-0101,SHIP-2608-002321,2026-08-24,EB-2608-000761,GW-013,Parcel Select,6.24,0.00,10009,180
EasyPost,DEMO-0101,SHIP-2608-002322,2026-08-24,EB-2608-000762,GW-008,USPS Ground Advantage,10.31,0.00,10009,180
OSM,DEMO-0101,SHIP-2608-002323,2026-08-24,EB-2608-000772,GW-006,Parcel Select,12.37,0.00,10009,180
OSM,DEMO-0101,SHIP-2608-002324,2026-08-24,EB-2608-000795,GW-017,Parcel Select,5.36,0.00,10009,180
Pitney Bowes,DEMO-0101,SHIP-2608-002325,2026-08-24,EB-2608-000801,GW-006,USPS Ground Advantage,7.02,0.00,10009,180
OSM,DEMO-0101,SHIP-2608-002326,2026-08-24,GWB-2608-000007,GW-005,Parcel Select,10.56,0.00,10009,180
OSM,DEMO-0101,SHIP-2608-002327,2026-08-24,GWB-2608-000061,GW-022,Parcel Select,15.06,0.00,10009,180
OSM,DEMO-0101,SHIP-2608-002328,2026-08-24,GWB-2608-000128,GW-017,Parcel Select,13.68,0.00,10009,180
OSM,DEMO-0101,SHIP-2608-002329,2026-08-24,GWB-2608-000206,GW-009,Parcel Select,11.56,-0.59,10009,180
OSM,DEMO-0101,SHIP-2608-002330,2026-08-24,GWB-2608-000260,GW-001,Parcel Select,15.10,0.00,10009,180
Pitney Bowes,DEMO-0101,SHIP-2608-002331,2026-08-24,GWB-2608-000264,GW-001,USPS Ground Advantage,15.03,0.00,10009,180
Pitney Bowes,DEMO-0101,SHIP-2608-002332,2026-08-24,GWB-2608-000316,GW-022,USPS Ground Advantage,12.69,0.00,10009,180
OSM,DEMO-0101,SHIP-2608-002333,2026-08-24,GWB-2608-000427,GW-004,Parcel Select,6.96,0.00,10009,180
Pitney Bowes,DEMO-0101,SHIP-2608-002334,2026-08-25,SGW-2608-000133,GW-011,USPS Ground Advantage,6.04,0.00,10009,180
OSM,DEMO-0101,SHIP-2608-002335,2026-08-24,SGW-2608-000142,GW-001,Parcel Select,11.12,0.00,10009,180
EasyPost,DEMO-0101,SHIP-2608-002336,2026-08-26,SGW-2608-000157,GW-004,USPS Priority,3.92,0.00,10009,180
EasyPost,DEMO-0101,SHIP-2608-002337,2026-08-24,SGW-2608-000169,GW-001,USPS Ground Advantage,12.04,0.00,10009,180
OSM,DEMO-0101,SHIP-2608-002338,2026-08-24,SGW-2608-000174,GW-017,Parcel Select,3.69,0.00,10009,180
Pitney Bowes,DEMO-0101,SHIP-2608-002339,2026-08-24,SGW-2608-000249,GW-002,USPS Ground Advantage,13.66,0.00,10009,180
OSM,DEMO-0101,SHIP-2608-002340,2026-08-24,SGW-2608-000294,GW-017,Parcel Select,8.44,0.00,10009,180
OSM,DEMO-0101,SHIP-2608-002341,2026-08-24,SGW-2608-000342,GW-008,Parcel Select,14.09,0.00,10009,180
OSM,DEMO-0101,SHIP-2608-002342,2026-08-24,SGW-2608-000371,GW-001,Parcel Select,5.34,0.00,10009,180
Pitney Bowes,DEMO-0101,SHIP-2608-002343,2026-08-24,SGW-2608-000382,GW-006,USPS Ground Advantage,5.36,0.00,10009,180
OSM,DEMO-0101,SHIP-2608-002344,2026-08-24,SGW-2608-000400,GW-020,Parcel Select,3.93,0.00,10009,180
Pitney Bowes,DEMO-0101,SHIP-2608-002345,2026-08-24,SGW-2608-000453,GW-007,USPS Ground Advantage,4.45,0.00,10009,180
Pitney Bowes,DEMO-0101,SHIP-2608-002346,2026-08-24,SGW-2608-000471,GW-001,USPS Ground Advantage,3.72,0.00,10009,180
OSM,DEMO-0101,SHIP-2608-002347,2026-08-24,SGW-2608-000659,GW-017,Parcel Select,10.18,0.00,10009,180
OSM,DEMO-0101,SHIP-2608-002348,2026-08-24,SGW-2608-000736,GW-024,Parcel Select,10.51,0.00,10009,180
Pitney Bowes,DEMO-0101,SHIP-2608-002349,2026-08-24,SGW-2608-000740,GW-020,USPS Ground Advantage,4.71,0.00,10009,180
OSM,DEMO-0101,SHIP-2608-002350,2026-08-24,SGW-2608-000741,GW-004,Parcel Select,11.39,0.00,10009,180
Pitney Bowes,DEMO-0101,SHIP-2608-002351,2026-08-24,SGW-2608-000791,GW-018,USPS Ground Advantage,11.07,0.00,10009,180
OSM,DEMO-0101,SHIP-2608-002352,2026-08-24,SGW-2608-000828,GW-008,Parcel Select,12.53,0.00,10009,180
EasyPost,DEMO-0101,SHIP-2608-002353,2026-08-24,SGW-2608-000856,GW-018,USPS Priority,10.00,0.00,10009,180
OSM,DEMO-0101,SHIP-2608-002354,2026-08-24,SGW-2608-000858,GW-018,Parcel Select,6.99,0.00,10009,180
EasyPost,DEMO-0101,SHIP-2608-002355,2026-08-24,SGW-2608-000909,GW-004,USPS Priority,12.43,0.00,10009,180
EasyPost,DEMO-0101,SHIP-2608-002356,2026-08-24,SGW-2608-000921,GW-019,USPS Ground Advantage,6.21,0.00,10009,180
EasyPost,DEMO-0101,SHIP-2608-002357,2026-08-24,SGW-2608-000930,GW-009,USPS Priority,10.54,0.00,10009,180
Pitney Bowes,DEMO-0101,SHIP-2608-002358,2026-08-24,SGW-2608-000935,GW-009,USPS Ground Advantage,14.35,0.00,10009,180
EasyPost,DEMO-0101,SHIP-2608-002359,2026-08-24,SGW-2608-000940,GW-006,USPS Ground Advantage,9.77,0.00,10009,180
EasyPost,DEMO-0101,SHIP-2608-002360,2026-08-24,SGW-2608-000957,GW-002,USPS Priority,4.79,0.00,10009,180
Pitney Bowes,DEMO-0101,SHIP-2608-002361,2026-08-24,SGW-2608-000958,GW-023,USPS Ground Advantage,15.09,0.00,10009,180
OSM,DEMO-0101,SHIP-2608-002362,2026-08-24,SGW-2608-000965,GW-018,Parcel Select,13.57,0.00,10009,180
Pitney Bowes,DEMO-0101,SHIP-2608-002363,2026-08-24,SGW-2608-000984,GW-014,USPS Ground Advantage,6.18,0.00,10009,180
Pitney Bowes,DEMO-0101,SHIP-2608-002364,2026-08-24,SGW-2608-000994,GW-001,USPS Ground Advantage,9.73,0.00,10009,180
EasyPost,DEMO-0101,SHIP-2608-002365,2026-08-24,SGW-2608-001025,GW-012,USPS Ground Advantage,10.45,0.00,10009,180
OSM,DEMO-0101,SHIP-2608-002366,2026-08-24,SGW-2608-001030,GW-009,Parcel Select,12.69,0.00,10009,180
EasyPost,DEMO-0101,SHIP-2608-002367,2026-08-24,SGW-2608-001055,,USPS Ground Advantage,6.33,0.00,10009,180
OSM,DEMO-0101,SHIP-2608-002368,2026-08-24,SGW-2608-001076,GW-008,Parcel Select,12.51,0.00,10009,180
OSM,DEMO-0101,SHIP-2608-002369,2026-08-24,SGW-2608-001085,GW-022,Parcel Select,10.20,0.00,10009,180
EasyPost,DEMO-0101,SHIP-2608-002370,2026-08-24,SGW-2608-001128,GW-008,USPS Priority,13.49,0.00,10009,180
EasyPost,DEMO-0101,SHIP-2608-002371,2026-08-24,SGW-2608-001156,GW-016,USPS Ground Advantage,6.41,0.00,10009,180
Pitney Bowes,DEMO-0101,SHIP-2608-002372,2026-08-24,SGW-2608-001205,GW-022,USPS Ground Advantage,3.87,2.53,10009,180
EasyPost,DEMO-0101,SHIP-2608-002373,2026-08-24,SGW-2608-001254,GW-006,USPS Ground Advantage,4.04,0.00,10009,180
Pitney Bowes,DEMO-0101,SHIP-2608-002374,2026-08-24,SGW-2608-001264,GW-016,USPS Ground Advantage,3.56,0.00,10009,180
OSM,DEMO-0101,SHIP-2608-002375,2026-08-24,SGW-2608-001305,GW-020,Parcel Select,15.15,0.00,10009,180
OSM,DEMO-0101,SHIP-2608-002376,2026-08-24,SGW-2608-001308,GW-008,Parcel Select,12.45,0.00,10009,180
OSM,DEMO-0101,SHIP-2608-002377,2026-08-24,SGW-2608-001382,GW-004,Parcel Select,13.20,0.00,10009,180
EasyPost,DEMO-0101,SHIP-2608-002378,2026-08-24,SGW-2608-001392,GW-002,USPS Priority,7.06,0.00,10009,180
OSM,DEMO-0101,SHIP-2608-002379,2026-08-25,SGW-2608-001399,GW-017,Parcel Select,5.50,0.00,10009,180
Pitney Bowes,DEMO-0101,SHIP-2608-002380,2026-08-24,SGW-2608-001500,GW-005,USPS Ground Advantage,4.90,0.00,10009,180
Pitney Bowes,DEMO-0101,SHIP-2608-002381,2026-08-24,SGW-2608-001554,GW-004,USPS Ground Advantage,7.19,0.00,10009,180
Pitney Bowes,DEMO-0101,SHIP-2608-002382,2026-08-24,SGW-2608-001583,GW-002,USPS Ground Advantage,8.35,0.00,10009,180
EasyPost,DEMO-0101,SHIP-2608-002383,2026-08-24,SGW-2608-001605,GW-002,USPS Priority,10.02,0.00,10009,180
EasyPost,DEMO-0101,SHIP-2608-002384,2026-08-24,SGW-2608-001742,GW-007,USPS Priority,14.81,0.00,10009,180
EasyPost,DEMO-0101,SHIP-2608-002385,2026-08-24,SGW-2608-001745,GW-008,USPS Ground Advantage,5.32,0.00,10009,180
Pitney Bowes,DEMO-0101,SHIP-2608-002386,2026-08-24,UP-2608-000035,GW-016,USPS Ground Advantage,4.92,0.00,10009,180
EasyPost,DEMO-0101,SHIP-2608-002387,2026-08-24,UP-2608-000097,GW-012,USPS Ground Advantage,3.95,0.00,10009,180
Pitney Bowes,DEMO-0101,SHIP-2608-002388,2026-08-24,UP-2608-000143,GW-002,USPS Ground Advantage,10.54,0.00,10009,180
EasyPost,DEMO-0101,SHIP-2608-002389,2026-08-24,UP-2608-000168,GW-023,USPS Priority,11.56,0.00,10009,180
Pitney Bowes,DEMO-0101,SHIP-2608-002390,2026-08-24,UP-2608-000200,GW-009,USPS Ground Advantage,9.93,0.00,10009,180
EasyPost,DEMO-0101,SHIP-2608-002391,2026-08-24,UP-2608-000352,GW-014,USPS Priority,14.13,0.00,10009,180
OSM,DEMO-0101,SHIP-2608-002392,2026-08-24,UP-2608-000361,GW-005,Parcel Select,11.60,0.00,10009,180
Pitney Bowes,DEMO-0101,SHIP-2608-002393,2026-08-24,UP-2608-000393,GW-017,USPS Ground Advantage,8.24,0.00,10009,180
OSM,DEMO-0101,SHIP-2608-002394,2026-08-24,UP-2608-000431,GW-008,Parcel Select,9.89,0.00,10009,180
OSM,DEMO-0101,SHIP-2608-002395,2026-08-24,UP-2608-000484,GW-003,Parcel Select,7.23,0.00,10009,180
OSM,DEMO-0101,SHIP-2608-002396,2026-08-24,UP-2608-000505,GW-002,Parcel Select,9.51,0.00,10009,180
Pitney Bowes,DEMO-0101,SHIP-2608-002397,2026-08-24,UP-2608-000587,GW-024,USPS Ground Advantage,4.66,0.00,10009,180
OSM,DEMO-0101,SHIP-2608-002398,2026-08-24,UP-2608-000596,GW-017,Parcel Select,9.92,0.00,10009,180
OSM,DEMO-0101,SHIP-2608-002399,2026-08-24,UP-2608-000640,GW-009,Parcel Select,7.51,0.00,10009,180
OSM,DEMO-0101,SHIP-2608-002400,2026-08-24,AMZ-2608-000009,GW-006,Parcel Select,12.73,0.00,10009,180
Pitney Bowes,DEMO-0101,SHIP-2608-002401,2026-08-26,AMZ-2608-000012,GW-004,USPS Ground Advantage,8.42,0.00,10009,180
OSM,DEMO-0101,SHIP-2608-002402,2026-08-27,AMZ-2608-000025,GW-006,Parcel Select,13.87,0.00,10009,180
OSM,DEMO-0101,SHIP-2608-002403,2026-08-25,AMZ-2608-000045,GW-009,Parcel Select,15.01,0.00,10009,180
Pitney Bowes,DEMO-0101,SHIP-2608-002404,2026-08-24,AMZ-2608-000097,GW-012,USPS Ground Advantage,12.84,0.00,10009,180
OSM,DEMO-0101,SHIP-2608-002405,2026-08-24,AMZ-2608-000149,GW-006,Parcel Select,9.27,0.00,10009,180
OSM,DEMO-0101,SHIP-2608-002406,2026-08-24,AMZ-2608-000153,GW-014,Parcel Select,11.42,0.00,10009,180
Pitney Bowes,DEMO-0101,SHIP-2608-002407,2026-08-24,AMZ-2608-000247,GW-009,USPS Ground Advantage,14.40,0.00,10009,180
OSM,DEMO-0101,SHIP-2608-002408,2026-08-24,AMZ-2608-000258,GW-016,Parcel Select,11.89,0.00,10009,180
Pitney Bowes,DEMO-0101,SHIP-2608-002409,2026-08-24,AMZ-2608-000281,GW-003,USPS Ground Advantage,5.74,0.00,10009,180
Pitney Bowes,DEMO-0101,SHIP-2608-002410,2026-08-24,AMZ-2608-000290,GW-004,USPS Ground Advantage,6.92,0.00,10009,180
Pitney Bowes,DEMO-0101,SHIP-2608-002411,2026-08-24,AMZ-2608-000316,GW-024,USPS Ground Advantage,9.66,0.00,10009,180
Pitney Bowes,DEMO-0101,SHIP-2608-002412,2026-08-24,AMZ-2608-000367,GW-006,USPS Ground Advantage,11.23,0.02,10009,180
OSM,DEMO-0101,SHIP-2608-002413,2026-08-24,AMZ-2608-000380,GW-006,Parcel Select,6.71,0.00,10009,180
OSM,DEMO-0101,SHIP-2608-002414,2026-08-24,AMZ-2608-000402,GW-003,Parcel Select,12.87,0.00,10009,180
OSM,DEMO-0101,SHIP-2608-002415,2026-08-24,AMZ-2608-000422,GW-021,Parcel Select,8.52,0.00,10009,180
EasyPost,DEMO-0101,SHIP-2608-002416,2026-08-24,AMZ-2608-000424,GW-002,USPS Ground Advantage,13.91,0.00,10009,180
EasyPost,DEMO-0101,SHIP-2608-002417,2026-08-25,AMZ-2608-000626,GW-004,USPS Priority,7.32,0.00,10009,180
OSM,DEMO-0101,SHIP-2608-002418,2026-08-24,CM-2608-000033,GW-008,Parcel Select,7.68,0.00,10009,180
EasyPost,DEMO-0101,SHIP-2608-002419,2026-08-24,CM-2608-000051,GW-006,USPS Ground Advantage,12.31,0.00,10009,180
OSM,DEMO-0101,SHIP-2608-002420,2026-08-24,CM-2608-000055,GW-023,Parcel Select,4.88,0.00,10009,180
OSM,DEMO-0101,SHIP-2608-002421,2026-08-26,CM-2608-000086,GW-009,Parcel Select,8.92,0.00,10009,180
OSM,DEMO-0101,SHIP-2608-002422,2026-08-24,CM-2608-000091,GW-009,Parcel Select,5.08,0.00,10009,180
EasyPost,DEMO-0101,SHIP-2608-002423,2026-08-24,CM-2608-000126,GW-016,USPS Ground Advantage,12.95,0.00,10009,180
Pitney Bowes,DEMO-0101,SHIP-2608-002424,2026-08-25,CM-2608-000130,GW-021,USPS Ground Advantage,8.50,0.00,10009,180
EasyPost,DEMO-0101,SHIP-2608-002425,2026-08-24,CM-2608-000135,GW-024,USPS Ground Advantage,9.78,0.00,10009,180
Pitney Bowes,DEMO-0101,SHIP-2608-002426,2026-08-24,CM-2608-000148,GW-005,USPS Ground Advantage,12.54,0.00,10009,180
OSM,DEMO-0101,SHIP-2608-002427,2026-08-25,CM-2608-000296,GW-002,Parcel Select,10.58,0.00,10009,180
OSM,DEMO-0101,SHIP-2608-002428,2026-08-24,CM-2608-000309,GW-013,Parcel Select,7.75,0.00,10009,180
EasyPost,DEMO-0101,SHIP-2608-002429,2026-08-24,CM-2608-000311,GW-019,USPS Ground Advantage,14.01,0.00,10009,180
Pitney Bowes,DEMO-0101,SHIP-2608-002430,2026-08-24,CM-2608-000349,GW-017,USPS Ground Advantage,11.83,0.00,10009,180
Pitney Bowes,DEMO-0101,SHIP-2608-002431,2026-08-25,CM-2608-000376,GW-017,USPS Ground Advantage,14.33,0.00,10009,180
OSM,DEMO-0101,SHIP-2608-002432,2026-08-24,CM-2608-000383,GW-006,Parcel Select,14.89,0.00,10009,180
OSM,DEMO-0101,SHIP-2608-002433,2026-08-24,CM-2608-000481,GW-007,Parcel Select,9.48,0.00,10009,180
Pitney Bowes,DEMO-0101,SHIP-2608-002434,2026-08-24,EB-2608-000041,GW-012,USPS Ground Advantage,14.34,0.00,10009,180
OSM,DEMO-0101,SHIP-2608-002435,2026-08-24,EB-2608-000106,GW-014,Parcel Select,11.62,0.00,10009,180
EasyPost,DEMO-0101,SHIP-2608-002436,2026-08-24,EB-2608-000131,GW-022,USPS Priority,8.18,0.00,10009,180
EasyPost,DEMO-0101,SHIP-2608-002437,2026-08-24,EB-2608-000161,GW-009,USPS Ground Advantage,15.18,0.00,10009,180
EasyPost,DEMO-0101,SHIP-2608-002438,2026-08-24,EB-2608-000195,GW-001,USPS Priority,4.82,0.00,10009,180
OSM,DEMO-0101,SHIP-2608-002439,2026-08-24,EB-2608-000199,GW-012,Parcel Select,9.19,0.00,10009,180
OSM,DEMO-0101,SHIP-2608-002440,2026-08-26,EB-2608-000210,GW-007,Parcel Select,9.83,0.00,10009,180
OSM,DEMO-0101,SHIP-2608-002441,2026-08-24,EB-2608-000278,GW-017,Parcel Select,9.86,0.00,10009,180
Pitney Bowes,DEMO-0101,SHIP-2608-002442,2026-08-25,EB-2608-000424,GW-016,USPS Ground Advantage,10.99,0.00,10009,180
Pitney Bowes,DEMO-0101,SHIP-2608-002443,2026-08-24,EB-2608-000431,GW-002,USPS Ground Advantage,3.68,0.00,10009,180
Pitney Bowes,DEMO-0101,SHIP-2608-002444,2026-08-24,EB-2608-000448,GW-002,USPS Ground Advantage,5.76,0.00,10009,180
OSM,DEMO-0101,SHIP-2608-002445,2026-08-24,EB-2608-000453,GW-017,Parcel Select,9.55,0.00,10009,180
Pitney Bowes,DEMO-0101,SHIP-2608-002446,2026-08-24,EB-2608-000496,GW-010,USPS Ground Advantage,5.50,0.00,10009,180
OSM,DEMO-0101,SHIP-2608-002447,2026-08-24,EB-2608-000516,GW-016,Parcel Select,3.88,0.00,10009,180
EasyPost,DEMO-0101,SHIP-2608-002448,2026-08-25,EB-2608-000543,GW-001,USPS Ground Advantage,4.82,0.00,10009,180
OSM,DEMO-0101,SHIP-2608-002449,2026-08-24,EB-2608-000588,GW-001,Parcel Select,14.12,0.00,10009,180
Pitney Bowes,DEMO-0101,SHIP-2608-002450,2026-08-24,EB-2608-000595,GW-002,USPS Ground Advantage,14.50,0.00,10009,180
OSM,DEMO-0101,SHIP-2608-002451,2026-08-24,EB-2608-000638,GW-018,Parcel Select,14.64,0.00,10009,180
EasyPost,DEMO-0101,SHIP-2608-002452,2026-08-26,EB-2608-000707,GW-004,USPS Priority,7.07,0.00,10009,180
OSM,DEMO-0101,SHIP-2608-002453,2026-08-24,EB-2608-000716,GW-015,Parcel Select,5.67,0.00,10009,180
OSM,DEMO-0101,SHIP-2608-002454,2026-08-24,EB-2608-000861,GW-009,Parcel Select,8.41,0.00,10009,180
OSM,DEMO-0101,SHIP-2608-002455,2026-08-24,EB-2608-000865,GW-023,Parcel Select,12.14,0.00,10009,180
OSM,DEMO-0101,SHIP-2608-002456,2026-08-24,GWB-2608-000072,GW-008,Parcel Select,9.00,0.00,10009,180
EasyPost,DEMO-0101,SHIP-2608-002457,2026-08-24,GWB-2608-000123,GW-008,USPS Priority,7.51,0.00,10009,180
OSM,DEMO-0101,SHIP-2608-002458,2026-08-24,GWB-2608-000124,GW-009,Parcel Select,14.96,0.00,10009,180
Pitney Bowes,DEMO-0101,SHIP-2608-002459,2026-08-24,GWB-2608-000130,GW-012,USPS Ground Advantage,8.59,0.00,10009,180
EasyPost,DEMO-0101,SHIP-2608-002460,2026-08-25,GWB-2608-000242,GW-012,USPS Priority,9.07,0.00,10009,180
Pitney Bowes,DEMO-0101,SHIP-2608-002461,2026-08-24,GWB-2608-000248,GW-004,USPS Ground Advantage,10.93,0.00,10009,180
OSM,DEMO-0101,SHIP-2608-002462,2026-08-24,GWB-2608-000277,GW-021,Parcel Select,12.78,0.00,10009,180
EasyPost,DEMO-0101,SHIP-2608-002463,2026-08-24,GWB-2608-000330,GW-022,USPS Ground Advantage,6.93,0.00,10009,180
Pitney Bowes,DEMO-0101,SHIP-2608-002464,2026-08-24,GWB-2608-000336,GW-005,USPS Ground Advantage,10.10,0.00,10009,180
OSM,DEMO-0101,SHIP-2608-002465,2026-08-24,GWB-2608-000397,GW-023,Parcel Select,3.66,0.00,10009,180
Pitney Bowes,DEMO-0101,SHIP-2608-002466,2026-08-24,SGW-2608-000228,GW-014,USPS Ground Advantage,5.52,0.00,10009,180
Pitney Bowes,DEMO-0101,SHIP-2608-002467,2026-08-24,SGW-2608-000283,GW-018,USPS Ground Advantage,6.69,0.00,10009,180
OSM,DEMO-0101,SHIP-2608-002468,2026-08-24,SGW-2608-000304,GW-005,Parcel Select,12.20,0.00,10009,180
OSM,DEMO-0101,SHIP-2608-002469,2026-08-24,SGW-2608-000309,GW-011,Parcel Select,5.66,0.00,10009,180
Pitney Bowes,DEMO-0101,SHIP-2608-002470,2026-08-24,SGW-2608-000444,GW-017,USPS Ground Advantage,6.27,0.00,10009,180
EasyPost,DEMO-0101,SHIP-2608-002471,2026-08-24,SGW-2608-000477,GW-005,USPS Ground Advantage,11.00,0.00,10009,180
Pitney Bowes,DEMO-0101,SHIP-2608-002472,2026-08-24,SGW-2608-000549,GW-010,USPS Ground Advantage,6.30,0.00,10009,180
Pitney Bowes,DEMO-0101,SHIP-2608-002473,2026-08-24,SGW-2608-000567,GW-005,USPS Ground Advantage,6.00,0.00,10009,180
OSM,DEMO-0101,SHIP-2608-002474,2026-08-24,SGW-2608-000580,GW-009,Parcel Select,7.88,0.00,10009,180
OSM,DEMO-0101,SHIP-2608-002475,2026-08-24,SGW-2608-000581,GW-018,Parcel Select,11.20,0.13,10009,180
Pitney Bowes,DEMO-0101,SHIP-2608-002476,2026-08-24,SGW-2608-000592,GW-009,USPS Ground Advantage,5.32,0.00,10009,180
EasyPost,DEMO-0101,SHIP-2608-002477,2026-08-24,SGW-2608-000667,GW-013,USPS Priority,11.11,0.00,10009,180
EasyPost,DEMO-0101,SHIP-2608-002478,2026-08-24,SGW-2608-000672,GW-015,USPS Priority,4.00,0.00,10009,180
OSM,DEMO-0101,SHIP-2608-002479,2026-08-24,SGW-2608-000709,GW-010,Parcel Select,15.05,-0.08,10009,180
EasyPost,DEMO-0101,SHIP-2608-002480,2026-08-24,SGW-2608-000752,GW-003,USPS Ground Advantage,4.04,0.00,10009,180
EasyPost,DEMO-0101,SHIP-2608-002481,2026-08-24,SGW-2608-000754,GW-016,USPS Priority,13.82,0.00,10009,180
EasyPost,DEMO-0101,SHIP-2608-002482,2026-08-24,SGW-2608-000776,GW-016,USPS Priority,13.55,0.00,10009,180
EasyPost,DEMO-0101,SHIP-2608-002483,2026-08-24,SGW-2608-000797,GW-022,USPS Priority,3.65,0.00,10009,180
OSM,DEMO-0101,SHIP-2608-002484,2026-08-24,SGW-2608-000812,GW-004,Parcel Select,5.05,0.00,10009,180
Pitney Bowes,DEMO-0101,SHIP-2608-002485,2026-08-24,SGW-2608-000879,GW-012,USPS Ground Advantage,15.15,0.00,10009,180
OSM,DEMO-0101,SHIP-2608-002486,2026-08-26,SGW-2608-000892,GW-008,Parcel Select,12.47,0.00,10009,180
OSM,DEMO-0101,SHIP-2608-002487,2026-08-24,SGW-2608-000913,GW-012,Parcel Select,8.82,0.00,10009,180
OSM,DEMO-0101,SHIP-2608-002488,2026-08-25,SGW-2608-001011,GW-003,Parcel Select,13.52,0.09,10009,180
EasyPost,DEMO-0101,SHIP-2608-002489,2026-08-24,SGW-2608-001015,GW-023,USPS Priority,6.58,0.00,10009,180
OSM,DEMO-0101,SHIP-2608-002490,2026-08-24,SGW-2608-001023,GW-008,Parcel Select,11.09,0.00,10009,180
EasyPost,DEMO-0101,SHIP-2608-002491,2026-08-24,SGW-2608-001047,GW-016,USPS Priority,4.60,0.00,10009,180
Pitney Bowes,DEMO-0101,SHIP-2608-002492,2026-08-24,SGW-2608-001080,GW-022,USPS Ground Advantage,13.90,0.00,10009,180
EasyPost,DEMO-0101,SHIP-2608-002493,2026-08-24,SGW-2608-001139,GW-009,USPS Ground Advantage,11.94,0.00,10009,180
EasyPost,DEMO-0101,SHIP-2608-002494,2026-08-24,SGW-2608-001141,GW-007,USPS Ground Advantage,14.72,0.00,10009,180
Pitney Bowes,DEMO-0101,SHIP-2608-002495,2026-08-25,SGW-2608-001147,GW-020,USPS Ground Advantage,11.94,0.00,10009,180
Pitney Bowes,DEMO-0101,SHIP-2608-002496,2026-08-25,SGW-2608-001164,GW-015,USPS Ground Advantage,13.45,0.00,10009,180
OSM,DEMO-0101,SHIP-2608-002497,2026-08-24,SGW-2608-001176,GW-016,Parcel Select,13.68,0.00,10009,180
OSM,DEMO-0101,SHIP-2608-002498,2026-08-24,SGW-2608-001198,GW-006,Parcel Select,5.55,0.00,10009,180
Pitney Bowes,DEMO-0101,SHIP-2608-002499,2026-08-24,SGW-2608-001216,GW-006,USPS Ground Advantage,7.15,0.00,10009,180
Pitney Bowes,DEMO-0101,SHIP-2608-002500,2026-08-25,SGW-2608-001290,GW-005,USPS Ground Advantage,14.41,0.00,10009,180
OSM,DEMO-0101,SHIP-2608-002501,2026-08-24,SGW-2608-001314,GW-018,Parcel Select,7.11,0.00,10009,180
OSM,DEMO-0101,SHIP-2608-002502,2026-08-24,SGW-2608-001354,GW-023,Parcel Select,12.29,0.00,10009,180
OSM,DEMO-0101,SHIP-2608-002503,2026-08-24,SGW-2608-001385,GW-008,Parcel Select,4.50,0.00,10009,180
Pitney Bowes,DEMO-0101,SHIP-2608-002504,2026-08-26,SGW-2608-001428,GW-006,USPS Ground Advantage,13.74,0.00,10009,180
Pitney Bowes,DEMO-0101,SHIP-2608-002505,2026-08-25,SGW-2608-001454,GW-010,USPS Ground Advantage,12.02,0.00,10009,180
EasyPost,DEMO-0101,SHIP-2608-002506,2026-08-24,SGW-2608-001499,GW-008,USPS Ground Advantage,5.92,0.00,10009,180
OSM,DEMO-0101,SHIP-2608-002507,2026-08-24,SGW-2608-001504,GW-001,Parcel Select,5.30,0.00,10009,180
EasyPost,DEMO-0101,SHIP-2608-002508,2026-08-24,SGW-2608-001560,GW-016,USPS Priority,6.85,-1.64,10009,180
EasyPost,DEMO-0101,SHIP-2608-002509,2026-08-24,SGW-2608-001578,GW-020,USPS Priority,14.27,0.00,10009,180
OSM,DEMO-0101,SHIP-2608-002510,2026-08-27,SGW-2608-001585,GW-017,Parcel Select,4.71,0.00,10009,180
OSM,DEMO-0101,SHIP-2608-002511,2026-08-26,SGW-2608-001607,GW-012,Parcel Select,12.42,1.89,10009,180
OSM,DEMO-0101,SHIP-2608-002512,2026-08-24,SGW-2608-001679,GW-008,Parcel Select,6.63,0.00,10009,180
EasyPost,DEMO-0101,SHIP-2608-002513,2026-08-24,SGW-2608-001733,GW-016,USPS Ground Advantage,9.69,0.00,10009,180
Pitney Bowes,DEMO-0101,SHIP-2608-002514,2026-08-24,UP-2608-000006,GW-014,USPS Ground Advantage,4.88,0.00,10009,180
OSM,DEMO-0101,SHIP-2608-002515,2026-08-24,UP-2608-000011,GW-005,Parcel Select,12.55,0.00,10009,180
OSM,DEMO-0101,SHIP-2608-002516,2026-08-24,UP-2608-000033,GW-004,Parcel Select,3.57,0.00,10009,180
Pitney Bowes,DEMO-0101,SHIP-2608-002517,2026-08-24,UP-2608-000093,GW-019,USPS Ground Advantage,11.30,0.00,10009,180
OSM,DEMO-0101,SHIP-2608-002518,2026-08-24,UP-2608-000212,GW-014,Parcel Select,5.27,0.00,10009,180
Pitney Bowes,DEMO-0101,SHIP-2608-002519,2026-08-27,UP-2608-000252,GW-016,USPS Ground Advantage,4.08,0.00,10009,180
OSM,DEMO-0101,SHIP-2608-002520,2026-08-24,UP-2608-000500,GW-009,Parcel Select,10.38,0.00,10009,180
EasyPost,DEMO-0101,SHIP-2608-002521,2026-08-25,UP-2608-000517,GW-022,USPS Ground Advantage,5.78,0.00,10009,180
Pitney Bowes,DEMO-0101,SHIP-2608-002522,2026-08-24,UP-2608-000553,GW-012,USPS Ground Advantage,4.35,0.00,10009,180
Pitney Bowes,DEMO-0101,SHIP-2608-002523,2026-08-26,UP-2608-000554,GW-016,USPS Ground Advantage,7.28,0.00,10009,180
Pitney Bowes,DEMO-0101,SHIP-2608-002524,2026-08-24,UP-2608-000561,GW-008,USPS Ground Advantage,13.69,0.00,10009,180
OSM,DEMO-0101,SHIP-2608-002525,2026-08-27,UP-2608-000566,GW-021,Parcel Select,5.67,0.00,10009,180
Pitney Bowes,DEMO-0101,SHIP-2608-002526,2026-08-25,AMZ-2608-000021,GW-015,USPS Ground Advantage,8.01,0.00,10009,180
OSM,DEMO-0101,SHIP-2608-002527,2026-08-24,AMZ-2608-000022,GW-020,Parcel Select,7.09,0.00,10009,180
OSM,DEMO-0101,SHIP-2608-002528,2026-08-24,AMZ-2608-000069,GW-001,Parcel Select,12.58,0.00,10009,180
OSM,DEMO-0101,SHIP-2608-002529,2026-08-24,AMZ-2608-000119,GW-001,Parcel Select,14.89,0.00,10009,180
Pitney Bowes,DEMO-0101,SHIP-2608-002530,2026-08-25,AMZ-2608-000132,GW-017,USPS Ground Advantage,12.11,0.00,10009,180
EasyPost,DEMO-0101,SHIP-2608-002531,2026-08-25,AMZ-2608-000197,GW-008,USPS Priority,12.59,0.00,10009,180
EasyPost,DEMO-0101,SHIP-2608-002532,2026-08-24,AMZ-2608-000314,GW-001,USPS Ground Advantage,4.69,0.00,10009,180
OSM,DEMO-0101,SHIP-2608-002533,2026-08-24,AMZ-2608-000317,GW-023,Parcel Select,10.48,0.00,10009,180
Pitney Bowes,DEMO-0101,SHIP-2608-002534,2026-08-24,AMZ-2608-000328,GW-004,USPS Ground Advantage,4.91,0.00,10009,180
Pitney Bowes,DEMO-0101,SHIP-2608-002535,2026-08-24,AMZ-2608-000390,GW-007,USPS Ground Advantage,13.40,0.00,10009,180
EasyPost,DEMO-0101,SHIP-2608-002536,2026-08-27,AMZ-2608-000408,GW-004,USPS Priority,14.40,0.00,10009,180
OSM,DEMO-0101,SHIP-2608-002537,2026-08-25,AMZ-2608-000413,GW-004,Parcel Select,3.58,0.00,10009,180
Pitney Bowes,DEMO-0101,SHIP-2608-002538,2026-08-24,AMZ-2608-000433,GW-002,USPS Ground Advantage,6.78,0.00,10009,180
EasyPost,DEMO-0101,SHIP-2608-002539,2026-08-26,AMZ-2608-000465,GW-017,USPS Ground Advantage,14.88,0.00,10009,180
OSM,DEMO-0101,SHIP-2608-002540,2026-08-26,AMZ-2608-000551,GW-017,Parcel Select,12.09,0.00,10009,180
OSM,DEMO-0101,SHIP-2608-002541,2026-08-25,AMZ-2608-000556,GW-001,Parcel Select,10.91,0.00,10009,180
OSM,DEMO-0101,SHIP-2608-002542,2026-08-26,AMZ-2608-000572,GW-021,Parcel Select,5.83,0.00,10009,180
Pitney Bowes,DEMO-0101,SHIP-2608-002543,2026-08-24,AMZ-2608-000643,GW-007,USPS Ground Advantage,4.69,0.00,10009,180
Pitney Bowes,DEMO-0101,SHIP-2608-002544,2026-08-27,CM-2608-000001,GW-003,USPS Ground Advantage,8.49,0.00,10009,180
OSM,DEMO-0101,SHIP-2608-002545,2026-08-25,CM-2608-000032,GW-018,Parcel Select,7.15,0.00,10009,180
OSM,DEMO-0101,SHIP-2608-002546,2026-08-25,CM-2608-000074,GW-021,Parcel Select,7.54,0.00,10009,180
Pitney Bowes,DEMO-0101,SHIP-2608-002547,2026-08-24,CM-2608-000111,GW-008,USPS Ground Advantage,8.16,0.00,10009,180
Pitney Bowes,DEMO-0101,SHIP-2608-002548,2026-08-24,CM-2608-000140,GW-002,USPS Ground Advantage,6.93,-0.57,10009,180
EasyPost,DEMO-0101,SHIP-2608-002549,2026-08-24,CM-2608-000144,GW-007,USPS Ground Advantage,13.64,0.00,10009,180
OSM,DEMO-0101,SHIP-2608-002550,2026-08-25,CM-2608-000158,GW-022,Parcel Select,11.74,0.00,10009,180
Pitney Bowes,DEMO-0101,SHIP-2608-002551,2026-08-24,CM-2608-000177,GW-010,USPS Ground Advantage,10.81,0.00,10009,180
OSM,DEMO-0101,SHIP-2608-002552,2026-08-25,CM-2608-000254,GW-016,Parcel Select,12.83,0.00,10009,180
Pitney Bowes,DEMO-0101,SHIP-2608-002553,2026-08-25,CM-2608-000260,GW-015,USPS Ground Advantage,4.80,0.00,10009,180
OSM,DEMO-0101,SHIP-2608-002554,2026-08-28,CM-2608-000275,GW-006,Parcel Select,11.03,0.00,10009,180
OSM,DEMO-0101,SHIP-2608-002555,2026-08-26,CM-2608-000287,GW-018,Parcel Select,10.08,0.00,10009,180
Pitney Bowes,DEMO-0101,SHIP-2608-002556,2026-08-25,CM-2608-000320,GW-016,USPS Ground Advantage,14.61,0.00,10009,180
OSM,DEMO-0101,SHIP-2608-002557,2026-08-25,CM-2608-000382,GW-023,Parcel Select,7.15,0.00,10009,180
OSM,DEMO-0101,SHIP-2608-002558,2026-08-24,CM-2608-000444,GW-024,Parcel Select,5.36,0.00,10009,180
OSM,DEMO-0101,SHIP-2608-002559,2026-08-24,CM-2608-000445,GW-006,Parcel Select,7.55,0.00,10009,180
OSM,DEMO-0101,SHIP-2608-002560,2026-08-26,EB-2608-000071,GW-012,Parcel Select,5.65,0.00,10009,180
EasyPost,DEMO-0101,SHIP-2608-002561,2026-08-27,EB-2608-000081,GW-010,USPS Priority,15.23,0.00,10009,180
OSM,DEMO-0101,SHIP-2608-002562,2026-08-25,EB-2608-000096,GW-024,Parcel Select,3.81,0.00,10009,180
OSM,DEMO-0101,SHIP-2608-002563,2026-08-25,EB-2608-000123,GW-020,Parcel Select,8.66,0.00,10009,180
OSM,DEMO-0101,SHIP-2608-002564,2026-08-26,EB-2608-000186,GW-013,Parcel Select,6.32,0.00,10009,180
Pitney Bowes,DEMO-0101,SHIP-2608-002565,2026-08-24,EB-2608-000248,GW-002,USPS Ground Advantage,11.96,0.00,10009,180
OSM,DEMO-0101,SHIP-2608-002566,2026-08-24,EB-2608-000303,GW-020,Parcel Select,14.32,0.00,10009,180
OSM,DEMO-0101,SHIP-2608-002567,2026-08-25,EB-2608-000403,GW-001,Parcel Select,13.95,0.00,10009,180
OSM,DEMO-0101,SHIP-2608-002568,2026-08-25,EB-2608-000491,GW-008,Parcel Select,12.02,0.00,10009,180
OSM,DEMO-0101,SHIP-2608-002569,2026-08-27,EB-2608-000498,GW-017,Parcel Select,9.24,0.00,10009,180
OSM,DEMO-0101,SHIP-2608-002570,2026-08-24,EB-2608-000589,GW-022,Parcel Select,11.30,0.00,10009,180
OSM,DEMO-0101,SHIP-2608-002571,2026-08-25,EB-2608-000610,GW-002,Parcel Select,5.66,0.00,10009,180
OSM,DEMO-0101,SHIP-2608-002572,2026-08-24,EB-2608-000634,GW-008,Parcel Select,14.59,0.00,10009,180
Pitney Bowes,DEMO-0101,SHIP-2608-002573,2026-08-24,EB-2608-000651,GW-023,USPS Ground Advantage,14.19,-0.75,10009,180
OSM,DEMO-0101,SHIP-2608-002574,2026-08-25,EB-2608-000757,GW-006,Parcel Select,10.25,0.00,10009,180
OSM,DEMO-0101,SHIP-2608-002575,2026-08-24,EB-2608-000767,GW-024,Parcel Select,12.61,0.00,10009,180
EasyPost,DEMO-0101,SHIP-2608-002576,2026-08-25,EB-2608-000806,GW-021,USPS Ground Advantage,10.39,0.00,10009,180
Pitney Bowes,DEMO-0101,SHIP-2608-002577,2026-08-25,GWB-2608-000004,GW-019,USPS Ground Advantage,10.40,0.00,10009,180
OSM,DEMO-0101,SHIP-2608-002578,2026-08-25,GWB-2608-000051,GW-022,Parcel Select,8.25,0.00,10009,180
Pitney Bowes,DEMO-0101,SHIP-2608-002579,2026-08-27,GWB-2608-000105,GW-017,USPS Ground Advantage,12.55,0.00,10009,180
OSM,DEMO-0101,SHIP-2608-002580,2026-08-24,GWB-2608-000110,GW-001,Parcel Select,12.32,0.00,10009,180
OSM,DEMO-0101,SHIP-2608-002581,2026-08-26,GWB-2608-000153,GW-017,Parcel Select,8.23,0.00,10009,180
OSM,DEMO-0101,SHIP-2608-002582,2026-08-27,GWB-2608-000168,GW-015,Parcel Select,8.97,0.00,10009,180
EasyPost,DEMO-0101,SHIP-2608-002583,2026-08-24,GWB-2608-000178,GW-006,USPS Ground Advantage,9.36,0.00,10009,180
Pitney Bowes,DEMO-0101,SHIP-2608-002584,2026-08-25,GWB-2608-000193,GW-019,USPS Ground Advantage,13.86,0.00,10009,180
Pitney Bowes,DEMO-0101,SHIP-2608-002585,2026-08-24,GWB-2608-000292,GW-024,USPS Ground Advantage,4.65,0.00,10009,180
OSM,DEMO-0101,SHIP-2608-002586,2026-08-25,SGW-2608-000024,GW-011,Parcel Select,9.92,0.00,10009,180
EasyPost,DEMO-0101,SHIP-2608-002587,2026-08-25,SGW-2608-000080,GW-024,USPS Ground Advantage,12.43,0.00,10009,180
EasyPost,DEMO-0101,SHIP-2608-002588,2026-08-24,SGW-2608-000110,GW-009,USPS Ground Advantage,10.60,0.00,10009,180
OSM,DEMO-0101,SHIP-2608-002589,2026-08-25,SGW-2608-000113,GW-008,Parcel Select,8.91,0.00,10009,180
OSM,DEMO-0101,SHIP-2608-002590,2026-08-27,SGW-2608-000176,GW-009,Parcel Select,14.85,0.00,10009,180
EasyPost,DEMO-0101,SHIP-2608-002591,2026-08-26,SGW-2608-000191,GW-002,USPS Ground Advantage,4.14,0.00,10009,180
OSM,DEMO-0101,SHIP-2608-002592,2026-08-24,SGW-2608-000203,GW-021,Parcel Select,7.70,0.00,10009,180
OSM,DEMO-0101,SHIP-2608-002593,2026-08-27,SGW-2608-000278,GW-004,Parcel Select,7.79,0.00,10009,180
Pitney Bowes,DEMO-0101,SHIP-2608-002594,2026-08-25,SGW-2608-000322,GW-022,USPS Ground Advantage,12.94,0.00,10009,180
OSM,DEMO-0101,SHIP-2608-002595,2026-08-25,SGW-2608-000347,GW-004,Parcel Select,8.26,0.00,10009,180
Pitney Bowes,DEMO-0101,SHIP-2608-002596,2026-08-25,SGW-2608-000353,GW-014,USPS Ground Advantage,6.21,0.00,10009,180
Pitney Bowes,DEMO-0101,SHIP-2608-002597,2026-08-25,SGW-2608-000390,GW-018,USPS Ground Advantage,13.53,0.00,10009,180
OSM,DEMO-0101,SHIP-2608-002598,2026-08-25,SGW-2608-000455,GW-009,Parcel Select,13.01,0.00,10009,180
Pitney Bowes,DEMO-0101,SHIP-2608-002599,2026-08-28,SGW-2608-000491,GW-006,USPS Ground Advantage,9.61,0.00,10009,180
OSM,DEMO-0101,SHIP-2608-002600,2026-08-24,SGW-2608-000547,GW-012,Parcel Select,4.52,0.00,10009,180
OSM,DEMO-0101,SHIP-2608-002601,2026-08-25,SGW-2608-000564,GW-001,Parcel Select,7.61,0.00,10009,180
OSM,DEMO-0101,SHIP-2608-002602,2026-08-24,SGW-2608-000584,GW-001,Parcel Select,14.38,0.00,10009,180
EasyPost,DEMO-0101,SHIP-2608-002603,2026-08-24,SGW-2608-000610,GW-003,USPS Priority,13.52,0.00,10009,180
OSM,DEMO-0101,SHIP-2608-002604,2026-08-24,SGW-2608-000615,GW-021,Parcel Select,11.51,0.00,10009,180
Pitney Bowes,DEMO-0101,SHIP-2608-002605,2026-08-24,SGW-2608-000633,,USPS Ground Advantage,15.01,0.00,10009,180
EasyPost,DEMO-0101,SHIP-2608-002606,2026-08-24,SGW-2608-000639,GW-023,USPS Ground Advantage,8.66,0.00,10009,180
EasyPost,DEMO-0101,SHIP-2608-002607,2026-08-25,SGW-2608-000649,GW-003,USPS Priority,12.01,0.00,10009,180
OSM,DEMO-0101,SHIP-2608-002608,2026-08-25,SGW-2608-000679,GW-003,Parcel Select,13.71,0.00,10009,180
OSM,DEMO-0101,SHIP-2608-002609,2026-08-24,SGW-2608-000690,GW-022,Parcel Select,11.95,-0.61,10009,180
OSM,DEMO-0101,SHIP-2608-002610,2026-08-25,SGW-2608-000809,GW-020,Parcel Select,13.47,0.00,10009,180
OSM,DEMO-0101,SHIP-2608-002611,2026-08-25,SGW-2608-000813,GW-013,Parcel Select,5.22,0.00,10009,180
Pitney Bowes,DEMO-0101,SHIP-2608-002612,2026-08-25,SGW-2608-000834,GW-019,USPS Ground Advantage,11.82,0.00,10009,180
OSM,DEMO-0101,SHIP-2608-002613,2026-08-25,SGW-2608-000893,GW-004,Parcel Select,9.13,-1.26,10009,180
OSM,DEMO-0101,SHIP-2608-002614,2026-08-28,SGW-2608-000943,GW-021,Parcel Select,7.94,0.00,10009,180
Pitney Bowes,DEMO-0101,SHIP-2608-002615,2026-08-25,SGW-2608-000996,GW-009,USPS Ground Advantage,6.78,0.00,10009,180
Pitney Bowes,DEMO-0101,SHIP-2608-002616,2026-08-25,SGW-2608-001009,GW-002,USPS Ground Advantage,9.62,0.00,10009,180
Pitney Bowes,DEMO-0101,SHIP-2608-002617,2026-08-25,SGW-2608-001121,GW-020,USPS Ground Advantage,11.72,0.00,10009,180
Pitney Bowes,DEMO-0101,SHIP-2608-002618,2026-08-26,SGW-2608-001142,GW-022,USPS Ground Advantage,14.32,0.00,10009,180
OSM,DEMO-0101,SHIP-2608-002619,2026-08-25,SGW-2608-001145,GW-024,Parcel Select,8.38,0.00,10009,180
EasyPost,DEMO-0101,SHIP-2608-002620,2026-08-24,SGW-2608-001215,GW-015,USPS Ground Advantage,9.66,0.00,10009,180
OSM,DEMO-0101,SHIP-2608-002621,2026-08-24,SGW-2608-001235,GW-004,Parcel Select,3.50,0.00,10009,180
OSM,DEMO-0101,SHIP-2608-002622,2026-08-26,SGW-2608-001253,GW-021,Parcel Select,9.47,-0.08,10009,180
Pitney Bowes,DEMO-0101,SHIP-2608-002623,2026-08-24,SGW-2608-001351,GW-007,USPS Ground Advantage,4.10,0.00,10009,180
OSM,DEMO-0101,SHIP-2608-002624,2026-08-24,SGW-2608-001371,GW-001,Parcel Select,12.87,0.00,10009,180
EasyPost,DEMO-0101,SHIP-2608-002625,2026-08-26,SGW-2608-001390,GW-001,USPS Ground Advantage,5.69,0.00,10009,180
Pitney Bowes,DEMO-0101,SHIP-2608-002626,2026-08-26,SGW-2608-001505,GW-015,USPS Ground Advantage,6.77,0.00,10009,180
OSM,DEMO-0101,SHIP-2608-002627,2026-08-25,SGW-2608-001538,GW-016,Parcel Select,5.40,0.00,10009,180
OSM,DEMO-0101,SHIP-2608-002628,2026-08-25,SGW-2608-001557,GW-008,Parcel Select,10.11,0.00,10009,180
OSM,DEMO-0101,SHIP-2608-002629,2026-08-27,SGW-2608-001619,GW-013,Parcel Select,3.81,0.00,10009,180
Pitney Bowes,DEMO-0101,SHIP-2608-002630,2026-08-25,SGW-2608-001663,GW-013,USPS Ground Advantage,9.62,0.00,10009,180
Pitney Bowes,DEMO-0101,SHIP-2608-002631,2026-08-25,SGW-2608-001681,GW-006,USPS Ground Advantage,13.89,0.00,10009,180
Pitney Bowes,DEMO-0101,SHIP-2608-002632,2026-08-26,SGW-2608-001686,GW-017,USPS Ground Advantage,6.49,0.00,10009,180
Pitney Bowes,DEMO-0101,SHIP-2608-002633,2026-08-24,SGW-2608-001721,GW-023,USPS Ground Advantage,4.93,0.00,10009,180
Pitney Bowes,DEMO-0101,SHIP-2608-002634,2026-08-24,SGW-2608-001739,GW-019,USPS Ground Advantage,11.35,-1.41,10009,180
OSM,DEMO-0101,SHIP-2608-002635,2026-08-28,SGW-2608-001771,GW-022,Parcel Select,13.83,0.00,10009,180
OSM,DEMO-0101,SHIP-2608-002636,2026-08-27,UP-2608-000008,GW-020,Parcel Select,7.23,0.00,10009,180
OSM,DEMO-0101,SHIP-2608-002637,2026-08-25,UP-2608-000152,GW-002,Parcel Select,10.35,-0.75,10009,180
OSM,DEMO-0101,SHIP-2608-002638,2026-08-26,UP-2608-000194,GW-011,Parcel Select,7.00,0.00,10009,180
OSM,DEMO-0101,SHIP-2608-002639,2026-08-24,UP-2608-000204,GW-021,Parcel Select,5.54,0.00,10009,180
OSM,DEMO-0101,SHIP-2608-002640,2026-08-24,UP-2608-000213,GW-019,Parcel Select,11.49,0.00,10009,180
OSM,DEMO-0101,SHIP-2608-002641,2026-08-24,UP-2608-000215,GW-004,Parcel Select,11.45,0.00,10009,180
EasyPost,DEMO-0101,SHIP-2608-002642,2026-08-24,UP-2608-000345,GW-021,USPS Ground Advantage,10.07,0.00,10009,180
OSM,DEMO-0101,SHIP-2608-002643,2026-08-25,UP-2608-000346,GW-006,Parcel Select,10.78,0.00,10009,180
OSM,DEMO-0101,SHIP-2608-002644,2026-08-24,UP-2608-000349,GW-020,Parcel Select,5.59,0.00,10009,180
OSM,DEMO-0101,SHIP-2608-002645,2026-08-24,UP-2608-000420,GW-010,Parcel Select,11.01,0.00,10009,180
EasyPost,DEMO-0101,SHIP-2608-002646,2026-08-26,UP-2608-000435,GW-021,USPS Ground Advantage,5.51,0.00,10009,180
EasyPost,DEMO-0101,SHIP-2608-002647,2026-08-24,UP-2608-000457,GW-021,USPS Priority,5.43,0.00,10009,180
Pitney Bowes,DEMO-0101,SHIP-2608-002648,2026-08-24,UP-2608-000483,GW-004,USPS Ground Advantage,6.47,0.00,10009,180
OSM,DEMO-0101,SHIP-2608-002649,2026-08-27,UP-2608-000530,GW-013,Parcel Select,13.45,0.00,10009,180
OSM,DEMO-0101,SHIP-2608-002650,2026-08-24,UP-2608-000606,GW-007,Parcel Select,12.00,0.00,10009,180
Pitney Bowes,DEMO-0101,SHIP-2608-002651,2026-08-24,UP-2608-000616,GW-004,USPS Ground Advantage,5.69,0.00,10009,180
OSM,DEMO-0101,SHIP-2608-002652,2026-08-24,UP-2608-000621,GW-024,Parcel Select,7.22,0.00,10009,180
OSM,DEMO-0101,SHIP-2608-002653,2026-08-25,UP-2608-000639,GW-019,Parcel Select,9.96,0.00,10009,180
OSM,DEMO-0101,SHIP-2608-002654,2026-08-28,AMZ-2608-000035,GW-012,Parcel Select,12.40,0.00,10009,180
OSM,DEMO-0101,SHIP-2608-002655,2026-08-27,AMZ-2608-000043,GW-001,Parcel Select,10.54,0.00,10009,180
OSM,DEMO-0101,SHIP-2608-002656,2026-08-26,AMZ-2608-000116,GW-021,Parcel Select,4.03,0.00,10009,180
OSM,DEMO-0101,SHIP-2608-002657,2026-08-26,AMZ-2608-000237,GW-009,Parcel Select,14.26,0.00,10009,180
Pitney Bowes,DEMO-0101,SHIP-2608-002658,2026-08-25,AMZ-2608-000249,GW-008,USPS Ground Advantage,6.88,1.35,10009,180
OSM,DEMO-0101,SHIP-2608-002659,2026-08-25,AMZ-2608-000254,GW-012,Parcel Select,11.51,0.00,10009,180
Pitney Bowes,DEMO-0101,SHIP-2608-002660,2026-08-26,AMZ-2608-000338,GW-017,USPS Ground Advantage,10.98,0.00,10009,180
OSM,DEMO-0101,SHIP-2608-002661,2026-08-31,AMZ-2608-000415,GW-003,Parcel Select,9.45,0.00,10009,180
Pitney Bowes,DEMO-0101,SHIP-2608-002662,2026-08-25,AMZ-2608-000423,GW-004,USPS Ground Advantage,11.36,0.00,10009,180
EasyPost,DEMO-0101,SHIP-2608-002663,2026-08-26,AMZ-2608-000435,GW-017,USPS Ground Advantage,14.73,0.00,10009,180
Pitney Bowes,DEMO-0101,SHIP-2608-002664,2026-08-25,AMZ-2608-000500,GW-009,USPS Ground Advantage,8.12,0.00,10009,180
Pitney Bowes,DEMO-0101,SHIP-2608-002665,2026-08-25,AMZ-2608-000582,GW-004,USPS Ground Advantage,6.94,0.00,10009,180
OSM,DEMO-0101,SHIP-2608-002666,2026-08-27,AMZ-2608-000593,GW-008,Parcel Select,8.18,0.00,10009,180
Pitney Bowes,DEMO-0101,SHIP-2608-002667,2026-08-26,AMZ-2608-000607,GW-018,USPS Ground Advantage,12.08,0.00,10009,180
Pitney Bowes,DEMO-0101,SHIP-2608-002668,2026-08-25,AMZ-2608-000618,GW-018,USPS Ground Advantage,14.07,2.50,10009,180
OSM,DEMO-0101,SHIP-2608-002669,2026-08-25,AMZ-2608-000644,GW-004,Parcel Select,13.75,0.00,10009,180
OSM,DEMO-0101,SHIP-2608-002670,2026-08-26,AMZ-2608-000649,GW-009,Parcel Select,11.45,0.00,10009,180
OSM,DEMO-0101,SHIP-2608-002671,2026-08-26,CM-2608-000065,GW-021,Parcel Select,6.88,0.00,10009,180
OSM,DEMO-0101,SHIP-2608-002672,2026-08-27,CM-2608-000066,GW-007,Parcel Select,5.94,0.00,10009,180
EasyPost,DEMO-0101,SHIP-2608-002673,2026-08-25,CM-2608-000070,GW-011,USPS Priority,6.40,0.00,10009,180
Pitney Bowes,DEMO-0101,SHIP-2608-002674,2026-08-26,CM-2608-000076,GW-004,USPS Ground Advantage,8.98,0.00,10009,180
Pitney Bowes,DEMO-0101,SHIP-2608-002675,2026-08-26,CM-2608-000109,GW-022,USPS Ground Advantage,12.23,0.00,10009,180
EasyPost,DEMO-0101,SHIP-2608-002676,2026-08-25,CM-2608-000180,GW-016,USPS Priority,13.45,0.00,10009,180
Pitney Bowes,DEMO-0101,SHIP-2608-002677,2026-08-25,CM-2608-000206,GW-002,USPS Ground Advantage,5.51,0.00,10009,180
OSM,DEMO-0101,SHIP-2608-002678,2026-08-25,CM-2608-000255,GW-001,Parcel Select,11.89,0.00,10009,180
OSM,DEMO-0101,SHIP-2608-002679,2026-08-26,CM-2608-000298,GW-015,Parcel Select,10.91,0.00,10009,180
Pitney Bowes,DEMO-0101,SHIP-2608-002680,2026-08-27,CM-2608-000304,GW-012,USPS Ground Advantage,6.70,0.00,10009,180
OSM,DEMO-0101,SHIP-2608-002681,2026-08-25,CM-2608-000332,GW-010,Parcel Select,4.07,0.00,10009,180
Pitney Bowes,DEMO-0101,SHIP-2608-002682,2026-08-26,CM-2608-000380,GW-015,USPS Ground Advantage,11.16,0.00,10009,180
OSM,DEMO-0101,SHIP-2608-002683,2026-08-26,CM-2608-000415,GW-012,Parcel Select,8.24,0.00,10009,180
EasyPost,DEMO-0101,SHIP-2608-002684,2026-08-25,CM-2608-000496,GW-001,USPS Ground Advantage,5.94,0.00,10009,180
Pitney Bowes,DEMO-0101,SHIP-2608-002685,2026-08-27,EB-2608-000072,GW-004,USPS Ground Advantage,6.57,0.00,10009,180
Pitney Bowes,DEMO-0101,SHIP-2608-002686,2026-08-26,EB-2608-000157,GW-009,USPS Ground Advantage,4.77,0.00,10009,180
Pitney Bowes,DEMO-0101,SHIP-2608-002687,2026-08-26,EB-2608-000174,GW-020,USPS Ground Advantage,11.22,0.00,10009,180
OSM,DEMO-0101,SHIP-2608-002688,2026-08-25,EB-2608-000179,GW-016,Parcel Select,4.06,-1.35,10009,180
EasyPost,DEMO-0101,SHIP-2608-002689,2026-08-28,EB-2608-000184,GW-017,USPS Ground Advantage,6.32,0.00,10009,180
Pitney Bowes,DEMO-0101,SHIP-2608-002690,2026-08-26,EB-2608-000204,GW-010,USPS Ground Advantage,8.24,0.00,10009,180
OSM,DEMO-0101,SHIP-2608-002691,2026-08-25,EB-2608-000246,GW-016,Parcel Select,11.26,0.00,10009,180
Pitney Bowes,DEMO-0101,SHIP-2608-002692,2026-08-26,EB-2608-000284,GW-002,USPS Ground Advantage,8.80,0.00,10009,180
Pitney Bowes,DEMO-0101,SHIP-2608-002693,2026-08-26,EB-2608-000296,GW-008,USPS Ground Advantage,10.98,0.00,10009,180
OSM,DEMO-0101,SHIP-2608-002694,2026-08-31,EB-2608-000382,GW-004,Parcel Select,3.83,0.00,10009,180
OSM,DEMO-0101,SHIP-2608-002695,2026-08-31,EB-2608-000386,GW-004,Parcel Select,3.92,0.52,10009,180
OSM,DEMO-0101,SHIP-2608-002696,2026-08-26,EB-2608-000449,GW-023,Parcel Select,6.12,0.00,10009,180
Pitney Bowes,DEMO-0101,SHIP-2608-002697,2026-08-26,EB-2608-000482,GW-001,USPS Ground Advantage,10.29,0.00,10009,180
OSM,DEMO-0101,SHIP-2608-002698,2026-08-27,EB-2608-000514,GW-008,Parcel Select,14.10,0.00,10009,180
OSM,DEMO-0101,SHIP-2608-002699,2026-08-25,EB-2608-000540,GW-007,Parcel Select,8.01,-0.10,10009,180
Pitney Bowes,DEMO-0101,SHIP-2608-002700,2026-08-27,EB-2608-000552,GW-024,USPS Ground Advantage,7.21,0.00,10009,180
EasyPost,DEMO-0101,SHIP-2608-002701,2026-08-26,EB-2608-000599,GW-015,USPS Priority,14.95,0.00,10009,180
OSM,DEMO-0101,SHIP-2608-002702,2026-08-26,EB-2608-000655,GW-011,Parcel Select,8.04,0.00,10009,180
Pitney Bowes,DEMO-0101,SHIP-2608-002703,2026-08-26,EB-2608-000657,GW-009,USPS Ground Advantage,5.82,0.00,10009,180
EasyPost,DEMO-0101,SHIP-2608-002704,2026-08-25,EB-2608-000699,GW-010,USPS Priority,9.82,0.00,10009,180
OSM,DEMO-0101,SHIP-2608-002705,2026-08-27,EB-2608-000751,GW-006,Parcel Select,4.96,0.00,10009,180
EasyPost,DEMO-0101,SHIP-2608-002706,2026-08-26,EB-2608-000803,GW-017,USPS Ground Advantage,12.85,0.00,10009,180
Pitney Bowes,DEMO-0101,SHIP-2608-002707,2026-08-31,EB-2608-000852,GW-009,USPS Ground Advantage,8.57,0.00,10009,180
Pitney Bowes,DEMO-0101,SHIP-2608-002708,2026-08-26,EB-2608-000858,GW-012,USPS Ground Advantage,3.80,0.00,10009,180
Pitney Bowes,DEMO-0101,SHIP-2608-002709,2026-08-26,GWB-2608-000028,GW-024,USPS Ground Advantage,5.68,0.00,10009,180
Pitney Bowes,DEMO-0101,SHIP-2608-002710,2026-08-26,GWB-2608-000050,GW-007,USPS Ground Advantage,5.58,0.00,10009,180
Pitney Bowes,DEMO-0101,SHIP-2608-002711,2026-08-25,GWB-2608-000078,GW-017,USPS Ground Advantage,6.48,0.00,10009,180
EasyPost,DEMO-0101,SHIP-2608-002712,2026-08-25,GWB-2608-000086,GW-021,USPS Priority,11.70,0.00,10009,180
Pitney Bowes,DEMO-0101,SHIP-2608-002713,2026-08-25,GWB-2608-000095,GW-022,USPS Ground Advantage,10.48,0.00,10009,180
EasyPost,DEMO-0101,SHIP-2608-002714,2026-08-25,GWB-2608-000122,GW-016,USPS Priority,14.07,0.00,10009,180
EasyPost,DEMO-0101,SHIP-2608-002715,2026-08-28,GWB-2608-000129,GW-012,USPS Priority,9.11,0.00,10009,180
OSM,DEMO-0101,SHIP-2608-002716,2026-08-31,GWB-2608-000132,GW-001,Parcel Select,9.64,0.00,10009,180
Pitney Bowes,DEMO-0101,SHIP-2608-002717,2026-08-25,GWB-2608-000181,GW-022,USPS Ground Advantage,14.06,0.00,10009,180
Pitney Bowes,DEMO-0101,SHIP-2608-002718,2026-08-26,GWB-2608-000191,GW-011,USPS Ground Advantage,13.40,0.00,10009,180
Pitney Bowes,DEMO-0101,SHIP-2608-002719,2026-08-25,GWB-2608-000246,GW-022,USPS Ground Advantage,3.83,0.00,10009,180
Pitney Bowes,DEMO-0101,SHIP-2608-002720,2026-08-26,GWB-2608-000269,GW-016,USPS Ground Advantage,9.43,0.00,10009,180
OSM,DEMO-0101,SHIP-2608-002721,2026-08-26,GWB-2608-000273,GW-021,Parcel Select,8.46,0.00,10009,180
Pitney Bowes,DEMO-0101,SHIP-2608-002722,2026-08-27,GWB-2608-000283,GW-001,USPS Ground Advantage,14.96,0.00,10009,180
OSM,DEMO-0101,SHIP-2608-002723,2026-08-26,GWB-2608-000407,GW-011,Parcel Select,14.98,0.00,10009,180
OSM,DEMO-0101,SHIP-2608-002724,2026-08-25,GWB-2608-000426,GW-018,Parcel Select,7.23,0.00,10009,180
EasyPost,DEMO-0101,SHIP-2608-002725,2026-08-26,SGW-2608-000034,GW-002,USPS Ground Advantage,13.59,0.00,10009,180
OSM,DEMO-0101,SHIP-2608-002726,2026-08-25,SGW-2608-000043,GW-010,Parcel Select,13.64,0.00,10009,180
Pitney Bowes,DEMO-0101,SHIP-2608-002727,2026-08-25,SGW-2608-000057,GW-017,USPS Ground Advantage,5.24,0.00,10009,180
OSM,DEMO-0101,SHIP-2608-002728,2026-08-27,SGW-2608-000078,GW-016,Parcel Select,13.06,0.00,10009,180
OSM,DEMO-0101,SHIP-2608-002729,2026-08-25,SGW-2608-000105,GW-022,Parcel Select,5.30,0.00,10009,180
EasyPost,DEMO-0101,SHIP-2608-002730,2026-08-25,SGW-2608-000107,GW-012,USPS Ground Advantage,8.78,0.00,10009,180
Pitney Bowes,DEMO-0101,SHIP-2608-002731,2026-08-26,SGW-2608-000112,GW-009,USPS Ground Advantage,15.16,0.00,10009,180
EasyPost,DEMO-0101,SHIP-2608-002732,2026-08-25,SGW-2608-000153,GW-024,USPS Ground Advantage,13.45,0.00,10009,180
OSM,DEMO-0101,SHIP-2608-002733,2026-08-25,SGW-2608-000155,GW-004,Parcel Select,10.34,0.00,10009,180
OSM,DEMO-0101,SHIP-2608-002734,2026-08-25,SGW-2608-000206,GW-001,Parcel Select,6.28,0.00,10009,180
OSM,DEMO-0101,SHIP-2608-002735,2026-08-25,SGW-2608-000207,GW-010,Parcel Select,6.25,-0.50,10009,180
Pitney Bowes,DEMO-0101,SHIP-2608-002736,2026-08-27,SGW-2608-000257,GW-011,USPS Ground Advantage,5.87,0.00,10009,180
OSM,DEMO-0101,SHIP-2608-002737,2026-08-26,SGW-2608-000259,GW-005,Parcel Select,7.69,0.00,10009,180
EasyPost,DEMO-0101,SHIP-2608-002738,2026-08-25,SGW-2608-000302,GW-020,USPS Priority,13.36,0.00,10009,180
OSM,DEMO-0101,SHIP-2608-002739,2026-08-25,SGW-2608-000384,GW-012,Parcel Select,11.13,0.00,10009,180
Pitney Bowes,DEMO-0101,SHIP-2608-002740,2026-08-27,SGW-2608-000410,GW-008,USPS Ground Advantage,15.08,0.00,10009,180
OSM,DEMO-0101,SHIP-2608-002741,2026-08-25,SGW-2608-000426,GW-004,Parcel Select,6.96,0.00,10009,180
OSM,DEMO-0101,SHIP-2608-002742,2026-08-25,SGW-2608-000503,GW-012,Parcel Select,6.61,0.00,10009,180
Pitney Bowes,DEMO-0101,SHIP-2608-002743,2026-08-25,SGW-2608-000515,GW-009,USPS Ground Advantage,13.94,0.00,10009,180
OSM,DEMO-0101,SHIP-2608-002744,2026-08-25,SGW-2608-000636,GW-012,Parcel Select,8.20,0.00,10009,180
OSM,DEMO-0101,SHIP-2608-002745,2026-08-25,SGW-2608-000658,GW-012,Parcel Select,7.94,0.00,10009,180
OSM,DEMO-0101,SHIP-2608-002746,2026-08-28,SGW-2608-000661,GW-002,Parcel Select,7.21,0.00,10009,180
Pitney Bowes,DEMO-0101,SHIP-2608-002747,2026-08-26,SGW-2608-000687,GW-001,USPS Ground Advantage,3.89,0.00,10009,180
EasyPost,DEMO-0101,SHIP-2608-002748,2026-08-27,SGW-2608-000795,GW-008,USPS Ground Advantage,13.25,0.00,10009,180
Pitney Bowes,DEMO-0101,SHIP-2608-002749,2026-08-27,SGW-2608-000810,GW-018,USPS Ground Advantage,11.54,0.00,10009,180
OSM,DEMO-0101,SHIP-2608-002750,2026-08-25,SGW-2608-000818,GW-002,Parcel Select,14.57,0.00,10009,180
EasyPost,DEMO-0101,SHIP-2608-002751,2026-08-26,SGW-2608-000882,GW-014,USPS Ground Advantage,9.88,0.00,10009,180
OSM,DEMO-0101,SHIP-2608-002752,2026-08-26,SGW-2608-001091,GW-001,Parcel Select,9.92,0.00,10009,180
Pitney Bowes,DEMO-0101,SHIP-2608-002753,2026-08-25,SGW-2608-001282,GW-009,USPS Ground Advantage,10.48,0.00,10009,180
Pitney Bowes,DEMO-0101,SHIP-2608-002754,2026-08-26,SGW-2608-001397,GW-020,USPS Ground Advantage,11.80,0.00,10009,180
OSM,DEMO-0101,SHIP-2608-002755,2026-08-26,SGW-2608-001421,GW-018,Parcel Select,8.69,0.00,10009,180
EasyPost,DEMO-0101,SHIP-2608-002756,2026-08-25,SGW-2608-001427,GW-009,USPS Ground Advantage,6.03,0.00,10009,180
OSM,DEMO-0101,SHIP-2608-002757,2026-08-25,SGW-2608-001476,GW-002,Parcel Select,8.92,0.00,10009,180
OSM,DEMO-0101,SHIP-2608-002758,2026-08-27,SGW-2608-001558,GW-003,Parcel Select,5.83,0.00,10009,180
Pitney Bowes,DEMO-0101,SHIP-2608-002759,2026-08-31,SGW-2608-001564,GW-012,USPS Ground Advantage,8.54,0.00,10009,180
OSM,DEMO-0101,SHIP-2608-002760,2026-08-25,SGW-2608-001570,GW-011,Parcel Select,8.05,0.00,10009,180
Pitney Bowes,DEMO-0101,SHIP-2608-002761,2026-08-28,SGW-2608-001620,GW-010,USPS Ground Advantage,9.30,0.00,10009,180
Pitney Bowes,DEMO-0101,SHIP-2608-002762,2026-08-25,SGW-2608-001741,GW-016,USPS Ground Advantage,5.70,0.00,10009,180
OSM,DEMO-0101,SHIP-2608-002763,2026-08-25,SGW-2608-001758,GW-007,Parcel Select,8.86,0.00,10009,180
EasyPost,DEMO-0101,SHIP-2608-002764,2026-08-26,SGW-2608-001775,GW-023,USPS Priority,5.10,0.00,10009,180
EasyPost,DEMO-0101,SHIP-2608-002765,2026-08-25,UP-2608-000017,GW-024,USPS Priority,14.40,0.00,10009,180
EasyPost,DEMO-0101,SHIP-2608-002766,2026-08-26,UP-2608-000048,GW-004,USPS Ground Advantage,12.23,0.00,10009,180
Pitney Bowes,DEMO-0101,SHIP-2608-002767,2026-08-25,UP-2608-000138,GW-014,USPS Ground Advantage,14.75,0.00,10009,180
EasyPost,DEMO-0101,SHIP-2608-002768,2026-08-25,UP-2608-000227,GW-013,USPS Priority,10.23,0.00,10009,180
Pitney Bowes,DEMO-0101,SHIP-2608-002769,2026-08-26,UP-2608-000238,GW-003,USPS Ground Advantage,12.32,0.00,10009,180
OSM,DEMO-0101,SHIP-2608-002770,2026-08-25,UP-2608-000242,GW-023,Parcel Select,5.00,0.00,10009,180
Pitney Bowes,DEMO-0101,SHIP-2608-002771,2026-08-25,UP-2608-000243,GW-012,USPS Ground Advantage,9.24,0.00,10009,180
OSM,DEMO-0101,SHIP-2608-002772,2026-08-28,UP-2608-000260,GW-024,Parcel Select,8.15,0.00,10009,180
OSM,DEMO-0101,SHIP-2608-002773,2026-08-26,UP-2608-000333,GW-009,Parcel Select,12.05,-0.21,10009,180
EasyPost,DEMO-0101,SHIP-2608-002774,2026-08-28,UP-2608-000367,GW-003,USPS Ground Advantage,6.72,0.00,10009,180
Pitney Bowes,DEMO-0101,SHIP-2608-002775,2026-08-25,UP-2608-000374,GW-020,USPS Ground Advantage,10.90,0.00,10009,180
Pitney Bowes,DEMO-0101,SHIP-2608-002776,2026-08-25,UP-2608-000412,GW-006,USPS Ground Advantage,10.96,0.00,10009,180
EasyPost,DEMO-0101,SHIP-2608-002777,2026-08-25,UP-2608-000462,GW-019,USPS Ground Advantage,7.79,0.00,10009,180
OSM,DEMO-0101,SHIP-2608-002778,2026-08-27,UP-2608-000469,GW-007,Parcel Select,4.05,0.00,10009,180
Pitney Bowes,DEMO-0101,SHIP-2608-002779,2026-08-25,UP-2608-000492,GW-010,USPS Ground Advantage,7.58,0.00,10009,180
Pitney Bowes,DEMO-0101,SHIP-2608-002780,2026-08-26,AMZ-2608-000003,GW-008,USPS Ground Advantage,3.54,0.00,10009,180
OSM,DEMO-0101,SHIP-2608-002781,2026-08-26,AMZ-2608-000008,GW-018,Parcel Select,14.22,0.00,10009,180
EasyPost,DEMO-0101,SHIP-2608-002782,2026-08-26,AMZ-2608-000055,GW-020,USPS Ground Advantage,10.98,0.00,10009,180
EasyPost,DEMO-0101,SHIP-2608-002783,2026-08-26,AMZ-2608-000056,GW-001,USPS Priority,4.48,0.00,10009,180
OSM,DEMO-0101,SHIP-2608-002784,2026-08-31,AMZ-2608-000086,GW-016,Parcel Select,8.05,0.00,10009,180
OSM,DEMO-0101,SHIP-2608-002785,2026-08-27,AMZ-2608-000092,GW-023,Parcel Select,8.61,0.00,10009,180
EasyPost,DEMO-0101,SHIP-2608-002786,2026-08-28,AMZ-2608-000129,GW-008,USPS Priority,6.31,0.00,10009,180
Pitney Bowes,DEMO-0101,SHIP-2608-002787,2026-08-26,AMZ-2608-000151,GW-005,USPS Ground Advantage,9.55,0.00,10009,180
OSM,DEMO-0101,SHIP-2608-002788,2026-08-28,AMZ-2608-000230,GW-017,Parcel Select,12.18,0.00,10009,180
EasyPost,DEMO-0101,SHIP-2608-002789,2026-08-31,AMZ-2608-000261,GW-016,USPS Ground Advantage,14.48,0.00,10009,180
OSM,DEMO-0101,SHIP-2608-002790,2026-08-26,AMZ-2608-000284,GW-007,Parcel Select,6.70,0.00,10009,180
OSM,DEMO-0101,SHIP-2608-002791,2026-08-28,AMZ-2608-000331,GW-008,Parcel Select,7.45,0.00,10009,180
EasyPost,DEMO-0101,SHIP-2608-002792,2026-08-26,AMZ-2608-000352,GW-005,USPS Priority,4.09,0.00,10009,180
OSM,DEMO-0101,SHIP-2608-002793,2026-08-26,AMZ-2608-000393,GW-022,Parcel Select,13.12,0.00,10009,180
EasyPost,DEMO-0101,SHIP-2608-002794,2026-08-27,AMZ-2608-000396,GW-014,USPS Ground Advantage,5.06,0.00,10009,180
OSM,DEMO-0101,SHIP-2608-002795,2026-08-28,AMZ-2608-000432,GW-009,Parcel Select,8.79,0.00,10009,180
Pitney Bowes,DEMO-0101,SHIP-2608-002796,2026-08-27,AMZ-2608-000439,GW-004,USPS Ground Advantage,5.87,0.00,10009,180
Pitney Bowes,DEMO-0101,SHIP-2608-002797,2026-08-31,AMZ-2608-000484,GW-016,USPS Ground Advantage,12.07,0.00,10009,180
OSM,DEMO-0101,SHIP-2608-002798,2026-08-27,AMZ-2608-000520,GW-004,Parcel Select,14.95,0.00,10009,180
Pitney Bowes,DEMO-0101,SHIP-2608-002799,2026-08-26,AMZ-2608-000539,GW-015,USPS Ground Advantage,10.06,0.00,10009,180
Pitney Bowes,DEMO-0101,SHIP-2608-002800,2026-08-27,AMZ-2608-000600,GW-008,USPS Ground Advantage,12.48,0.00,10009,180
OSM,DEMO-0101,SHIP-2608-002801,2026-08-28,AMZ-2608-000606,GW-001,Parcel Select,15.03,0.00,10009,180
Pitney Bowes,DEMO-0101,SHIP-2608-002802,2026-08-26,AMZ-2608-000633,GW-020,USPS Ground Advantage,10.05,0.00,10009,180
EasyPost,DEMO-0101,SHIP-2608-002803,2026-08-31,AMZ-2608-000640,GW-007,USPS Ground Advantage,7.72,0.00,10009,180
Pitney Bowes,DEMO-0101,SHIP-2608-002804,2026-08-28,CM-2608-000054,GW-009,USPS Ground Advantage,4.08,0.00,10009,180
Pitney Bowes,DEMO-0101,SHIP-2608-002805,2026-08-27,CM-2608-000083,GW-008,USPS Ground Advantage,13.02,0.00,10009,180
OSM,DEMO-0101,SHIP-2608-002806,2026-08-26,CM-2608-000088,GW-009,Parcel Select,11.19,0.00,10009,180
OSM,DEMO-0101,SHIP-2608-002807,2026-08-26,CM-2608-000100,GW-009,Parcel Select,7.10,0.00,10009,180
OSM,DEMO-0101,SHIP-2608-002808,2026-08-27,CM-2608-000108,GW-017,Parcel Select,13.09,0.00,10009,180
EasyPost,DEMO-0101,SHIP-2608-002809,2026-08-26,CM-2608-000124,GW-022,USPS Ground Advantage,15.10,0.00,10009,180
Pitney Bowes,DEMO-0101,SHIP-2608-002810,2026-08-26,CM-2608-000161,GW-012,USPS Ground Advantage,14.44,0.00,10009,180
OSM,DEMO-0101,SHIP-2608-002811,2026-08-26,CM-2608-000172,GW-012,Parcel Select,14.91,0.00,10009,180
OSM,DEMO-0101,SHIP-2608-002812,2026-08-31,CM-2608-000262,GW-020,Parcel Select,5.27,0.00,10009,180
OSM,DEMO-0101,SHIP-2608-002813,2026-08-26,CM-2608-000457,GW-009,Parcel Select,8.28,0.00,10009,180
EasyPost,DEMO-0101,SHIP-2608-002814,2026-08-27,EB-2608-000001,GW-012,USPS Ground Advantage,10.61,0.00,10009,180
OSM,DEMO-0101,SHIP-2608-002815,2026-08-26,EB-2608-000005,GW-015,Parcel Select,8.18,0.00,10009,180
Pitney Bowes,DEMO-0101,SHIP-2608-002816,2026-08-26,EB-2608-000017,GW-009,USPS Ground Advantage,5.00,0.00,10009,180
OSM,DEMO-0101,SHIP-2608-002817,2026-08-31,EB-2608-000032,GW-009,Parcel Select,9.74,0.00,10009,180
EasyPost,DEMO-0101,SHIP-2608-002818,2026-08-28,EB-2608-000137,GW-004,USPS Priority,13.11,0.00,10009,180
OSM,DEMO-0101,SHIP-2608-002819,2026-08-27,EB-2608-000177,GW-019,Parcel Select,6.06,0.00,10009,180
EasyPost,DEMO-0101,SHIP-2608-002820,2026-08-27,EB-2608-000203,GW-020,USPS Ground Advantage,3.71,1.50,10009,180
Pitney Bowes,DEMO-0101,SHIP-2608-002821,2026-08-27,EB-2608-000323,GW-010,USPS Ground Advantage,6.66,0.00,10009,180
EasyPost,DEMO-0101,SHIP-2608-002822,2026-08-26,EB-2608-000455,GW-005,USPS Priority,15.03,0.00,10009,180
OSM,DEMO-0101,SHIP-2608-002823,2026-08-26,EB-2608-000489,GW-021,Parcel Select,10.09,0.00,10009,180
Pitney Bowes,DEMO-0101,SHIP-2608-002824,2026-08-26,EB-2608-000510,GW-001,USPS Ground Advantage,6.78,0.00,10009,180
OSM,DEMO-0101,SHIP-2608-002825,2026-08-27,EB-2608-000617,GW-015,Parcel Select,10.66,0.00,10009,180
OSM,DEMO-0101,SHIP-2608-002826,2026-08-26,EB-2608-000629,GW-017,Parcel Select,10.58,0.00,10009,180
Pitney Bowes,DEMO-0101,SHIP-2608-002827,2026-08-27,EB-2608-000653,GW-009,USPS Ground Advantage,15.09,0.00,10009,180
OSM,DEMO-0101,SHIP-2608-002828,2026-08-31,EB-2608-000701,GW-018,Parcel Select,10.65,0.00,10009,180
EasyPost,DEMO-0101,SHIP-2608-002829,2026-08-26,EB-2608-000763,GW-010,USPS Priority,13.15,0.00,10009,180
Pitney Bowes,DEMO-0101,SHIP-2608-002830,2026-08-26,EB-2608-000797,GW-020,USPS Ground Advantage,7.44,0.00,10009,180
EasyPost,DEMO-0101,SHIP-2608-002831,2026-08-27,EB-2608-000835,GW-024,USPS Ground Advantage,8.27,0.00,10009,180
Pitney Bowes,DEMO-0101,SHIP-2608-002832,2026-08-27,GWB-2608-000037,GW-011,USPS Ground Advantage,15.22,0.00,10009,180
Pitney Bowes,DEMO-0101,SHIP-2608-002833,2026-08-28,GWB-2608-000071,GW-006,USPS Ground Advantage,8.96,0.00,10009,180
Pitney Bowes,DEMO-0101,SHIP-2608-002834,2026-08-31,GWB-2608-000084,GW-015,USPS Ground Advantage,14.11,0.00,10009,180
EasyPost,DEMO-0101,SHIP-2608-002835,2026-08-27,GWB-2608-000109,GW-012,USPS Ground Advantage,14.67,0.00,10009,180
OSM,DEMO-0101,SHIP-2608-002836,2026-08-27,GWB-2608-000111,GW-001,Parcel Select,12.46,1.70,10009,180
Pitney Bowes,DEMO-0101,SHIP-2608-002837,2026-08-27,GWB-2608-000115,GW-015,USPS Ground Advantage,13.54,0.00,10009,180
OSM,DEMO-0101,SHIP-2608-002838,2026-08-28,GWB-2608-000127,GW-004,Parcel Select,5.92,0.00,10009,180
OSM,DEMO-0101,SHIP-2608-002839,2026-08-26,GWB-2608-000229,GW-012,Parcel Select,13.49,0.00,10009,180
Pitney Bowes,DEMO-0101,SHIP-2608-002840,2026-08-27,GWB-2608-000311,GW-009,USPS Ground Advantage,6.04,0.00,10009,180
OSM,DEMO-0101,SHIP-2608-002841,2026-08-27,GWB-2608-000385,GW-018,Parcel Select,4.69,0.00,10009,180
EasyPost,DEMO-0101,SHIP-2608-002842,2026-08-28,GWB-2608-000406,GW-020,USPS Ground Advantage,15.03,0.98,10009,180
OSM,DEMO-0101,SHIP-2608-002843,2026-08-26,GWB-2608-000408,GW-002,Parcel Select,10.36,0.00,10009,180
OSM,DEMO-0101,SHIP-2608-002844,2026-08-26,GWB-2608-000422,GW-004,Parcel Select,11.22,0.00,10009,180
OSM,DEMO-0101,SHIP-2608-002845,2026-08-27,SGW-2608-000017,GW-001,Parcel Select,5.88,0.00,10009,180
OSM,DEMO-0101,SHIP-2608-002846,2026-08-26,SGW-2608-000125,GW-016,Parcel Select,13.86,0.00,10009,180
OSM,DEMO-0101,SHIP-2608-002847,2026-08-26,SGW-2608-000134,GW-016,Parcel Select,14.22,0.00,10009,180
EasyPost,DEMO-0101,SHIP-2608-002848,2026-08-27,SGW-2608-000159,GW-008,USPS Ground Advantage,13.71,0.00,10009,180
OSM,DEMO-0101,SHIP-2608-002849,2026-08-27,SGW-2608-000166,GW-012,Parcel Select,6.61,0.00,10009,180
OSM,DEMO-0101,SHIP-2608-002850,2026-08-26,SGW-2608-000172,GW-009,Parcel Select,8.53,0.00,10009,180
EasyPost,DEMO-0101,SHIP-2608-002851,2026-08-27,SGW-2608-000194,GW-010,USPS Ground Advantage,8.92,2.59,10009,180
Pitney Bowes,DEMO-0101,SHIP-2608-002852,2026-08-27,SGW-2608-000230,GW-020,USPS Ground Advantage,8.64,0.00,10009,180
OSM,DEMO-0101,SHIP-2608-002853,2026-08-28,SGW-2608-000231,GW-018,Parcel Select,3.56,0.00,10009,180
OSM,DEMO-0101,SHIP-2608-002854,2026-08-26,SGW-2608-000235,GW-016,Parcel Select,6.49,0.00,10009,180
EasyPost,DEMO-0101,SHIP-2608-002855,2026-08-27,SGW-2608-000256,GW-002,USPS Ground Advantage,5.88,0.00,10009,180
EasyPost,DEMO-0101,SHIP-2608-002856,2026-08-26,SGW-2608-000279,GW-007,USPS Priority,15.08,0.00,10009,180
Pitney Bowes,DEMO-0101,SHIP-2608-002857,2026-08-26,SGW-2608-000346,GW-015,USPS Ground Advantage,5.28,0.00,10009,180
OSM,DEMO-0101,SHIP-2608-002858,2026-08-26,SGW-2608-000386,GW-015,Parcel Select,8.59,0.00,10009,180
OSM,DEMO-0101,SHIP-2608-002859,2026-08-27,SGW-2608-000408,GW-004,Parcel Select,4.37,0.00,10009,180
OSM,DEMO-0101,SHIP-2608-002860,2026-08-26,SGW-2608-000484,GW-008,Parcel Select,7.11,0.00,10009,180
Pitney Bowes,DEMO-0101,SHIP-2608-002861,2026-08-27,SGW-2608-000493,GW-004,USPS Ground Advantage,15.07,0.00,10009,180
Pitney Bowes,DEMO-0101,SHIP-2608-002862,2026-08-27,SGW-2608-000527,GW-001,USPS Ground Advantage,5.28,0.00,10009,180
OSM,DEMO-0101,SHIP-2608-002863,2026-08-26,SGW-2608-000534,GW-024,Parcel Select,9.23,0.00,10009,180
EasyPost,DEMO-0101,SHIP-2608-002864,2026-08-27,SGW-2608-000546,GW-004,USPS Priority,5.79,0.00,10009,180
EasyPost,DEMO-0101,SHIP-2608-002865,2026-08-27,SGW-2608-000563,GW-004,USPS Priority,8.78,0.00,10009,180
Pitney Bowes,DEMO-0101,SHIP-2608-002866,2026-08-31,SGW-2608-000569,GW-020,USPS Ground Advantage,6.93,0.00,10009,180
Pitney Bowes,DEMO-0101,SHIP-2608-002867,2026-08-26,SGW-2608-000570,GW-015,USPS Ground Advantage,6.33,0.00,10009,180
Pitney Bowes,DEMO-0101,SHIP-2608-002868,2026-08-27,SGW-2608-000602,GW-008,USPS Ground Advantage,7.43,0.00,10009,180
OSM,DEMO-0101,SHIP-2608-002869,2026-08-31,SGW-2608-000614,GW-006,Parcel Select,8.79,0.00,10009,180
EasyPost,DEMO-0101,SHIP-2608-002870,2026-08-27,SGW-2608-000670,GW-017,USPS Priority,8.83,0.00,10009,180
EasyPost,DEMO-0101,SHIP-2608-002871,2026-08-28,SGW-2608-000678,GW-007,USPS Priority,12.92,0.00,10009,180
EasyPost,DEMO-0101,SHIP-2608-002872,2026-08-26,SGW-2608-000829,GW-019,USPS Priority,5.19,0.00,10009,180
OSM,DEMO-0101,SHIP-2608-002873,2026-08-26,SGW-2608-000831,GW-012,Parcel Select,9.08,0.00,10009,180
EasyPost,DEMO-0101,SHIP-2608-002874,2026-08-26,SGW-2608-000896,GW-001,USPS Ground Advantage,8.23,0.00,10009,180
OSM,DEMO-0101,SHIP-2608-002875,2026-08-27,SGW-2608-001007,GW-019,Parcel Select,14.41,0.00,10009,180
OSM,DEMO-0101,SHIP-2608-002876,2026-08-26,SGW-2608-001033,GW-007,Parcel Select,9.78,0.00,10009,180
EasyPost,DEMO-0101,SHIP-2608-002877,2026-08-28,SGW-2608-001034,GW-024,USPS Priority,11.03,0.00,10009,180
OSM,DEMO-0101,SHIP-2608-002878,2026-08-26,SGW-2608-001037,GW-020,Parcel Select,12.02,0.00,10009,180
EasyPost,DEMO-0101,SHIP-2608-002879,2026-08-26,SGW-2608-001073,GW-018,USPS Priority,4.38,0.00,10009,180
OSM,DEMO-0101,SHIP-2608-002880,2026-08-26,SGW-2608-001113,GW-005,Parcel Select,5.96,0.00,10009,180
Pitney Bowes,DEMO-0101,SHIP-2608-002881,2026-08-26,SGW-2608-001267,GW-002,USPS Ground Advantage,12.49,0.00,10009,180
Pitney Bowes,DEMO-0101,SHIP-2608-002882,2026-08-28,SGW-2608-001278,GW-004,USPS Ground Advantage,4.61,0.00,10009,180
Pitney Bowes,DEMO-0101,SHIP-2608-002883,2026-08-26,SGW-2608-001281,GW-006,USPS Ground Advantage,9.19,0.00,10009,180
Pitney Bowes,DEMO-0101,SHIP-2608-002884,2026-08-26,SGW-2608-001335,GW-018,USPS Ground Advantage,12.08,0.00,10009,180
Pitney Bowes,DEMO-0101,SHIP-2608-002885,2026-08-26,SGW-2608-001343,GW-001,USPS Ground Advantage,5.52,0.00,10009,180
Pitney Bowes,DEMO-0101,SHIP-2608-002886,2026-08-31,SGW-2608-001487,GW-018,USPS Ground Advantage,12.08,0.00,10009,180
EasyPost,DEMO-0101,SHIP-2608-002887,2026-08-27,SGW-2608-001507,GW-012,USPS Priority,3.84,0.00,10009,180
OSM,DEMO-0101,SHIP-2608-002888,2026-08-26,SGW-2608-001569,GW-017,Parcel Select,12.84,0.00,10009,180
OSM,DEMO-0101,SHIP-2608-002889,2026-08-26,SGW-2608-001573,GW-008,Parcel Select,8.97,0.00,10009,180
Pitney Bowes,DEMO-0101,SHIP-2608-002890,2026-08-26,SGW-2608-001580,GW-012,USPS Ground Advantage,15.13,0.00,10009,180
OSM,DEMO-0101,SHIP-2608-002891,2026-08-26,SGW-2608-001600,GW-018,Parcel Select,11.08,0.00,10009,180
Pitney Bowes,DEMO-0101,SHIP-2608-002892,2026-08-26,SGW-2608-001613,GW-017,USPS Ground Advantage,14.33,0.00,10009,180
OSM,DEMO-0101,SHIP-2608-002893,2026-08-26,SGW-2608-001622,GW-017,Parcel Select,3.59,0.00,10009,180
OSM,DEMO-0101,SHIP-2608-002894,2026-08-26,SGW-2608-001710,GW-007,Parcel Select,13.71,0.00,10009,180
Pitney Bowes,DEMO-0101,SHIP-2608-002895,2026-08-26,UP-2608-000153,GW-012,USPS Ground Advantage,8.96,0.00,10009,180
OSM,DEMO-0101,SHIP-2608-002896,2026-08-26,UP-2608-000220,GW-005,Parcel Select,4.01,1.98,10009,180
Pitney Bowes,DEMO-0101,SHIP-2608-002897,2026-08-28,UP-2608-000225,GW-014,USPS Ground Advantage,8.41,0.00,10009,180
OSM,DEMO-0101,SHIP-2608-002898,2026-08-27,UP-2608-000248,GW-013,Parcel Select,9.87,0.00,10009,180
Pitney Bowes,DEMO-0101,SHIP-2608-002899,2026-08-26,UP-2608-000279,GW-011,USPS Ground Advantage,8.85,0.00,10009,180
EasyPost,DEMO-0101,SHIP-2608-002900,2026-08-27,UP-2608-000289,GW-014,USPS Ground Advantage,8.71,0.00,10009,180
Pitney Bowes,DEMO-0101,SHIP-2608-002901,2026-08-26,UP-2608-000296,GW-007,USPS Ground Advantage,14.34,0.00,10009,180
EasyPost,DEMO-0101,SHIP-2608-002902,2026-08-27,UP-2608-000418,GW-020,USPS Ground Advantage,5.21,0.00,10009,180
EasyPost,DEMO-0101,SHIP-2608-002903,2026-08-26,UP-2608-000467,GW-017,USPS Ground Advantage,9.30,0.00,10009,180
OSM,DEMO-0101,SHIP-2608-002904,2026-08-26,UP-2608-000481,GW-023,Parcel Select,4.82,0.00,10009,180
Pitney Bowes,DEMO-0101,SHIP-2608-002905,2026-08-27,UP-2608-000513,GW-018,USPS Ground Advantage,4.69,2.06,10009,180
EasyPost,DEMO-0101,SHIP-2608-002906,2026-08-26,UP-2608-000590,GW-004,USPS Ground Advantage,14.97,0.00,10009,180
OSM,DEMO-0101,SHIP-2608-002907,2026-08-31,AMZ-2608-000006,GW-006,Parcel Select,9.68,0.00,10009,180
OSM,DEMO-0101,SHIP-2608-002908,2026-08-31,AMZ-2608-000010,GW-010,Parcel Select,13.05,-0.07,10009,180
OSM,DEMO-0101,SHIP-2608-002909,2026-08-28,AMZ-2608-000030,GW-001,Parcel Select,9.85,0.00,10009,180
Pitney Bowes,DEMO-0101,SHIP-2608-002910,2026-08-28,AMZ-2608-000051,GW-011,USPS Ground Advantage,4.92,0.00,10009,180
Pitney Bowes,DEMO-0101,SHIP-2608-002911,2026-08-28,AMZ-2608-000073,GW-018,USPS Ground Advantage,10.62,0.00,10009,180
Pitney Bowes,DEMO-0101,SHIP-2608-002912,2026-08-27,AMZ-2608-000115,GW-022,USPS Ground Advantage,13.20,0.00,10009,180
EasyPost,DEMO-0101,SHIP-2608-002913,2026-08-28,AMZ-2608-000120,GW-013,USPS Priority,6.23,0.00,10009,180
EasyPost,DEMO-0101,SHIP-2608-002914,2026-08-31,AMZ-2608-000154,GW-005,USPS Ground Advantage,12.51,0.00,10009,180
OSM,DEMO-0101,SHIP-2608-002915,2026-08-27,AMZ-2608-000210,GW-006,Parcel Select,8.32,0.00,10009,180
Pitney Bowes,DEMO-0101,SHIP-2608-002916,2026-08-27,AMZ-2608-000221,GW-011,USPS Ground Advantage,8.04,0.00,10009,180
Pitney Bowes,DEMO-0101,SHIP-2608-002917,2026-08-28,AMZ-2608-000234,GW-012,USPS Ground Advantage,9.80,0.00,10009,180
EasyPost,DEMO-0101,SHIP-2608-002918,2026-08-31,AMZ-2608-000256,GW-001,USPS Ground Advantage,8.98,0.00,10009,180
OSM,DEMO-0101,SHIP-2608-002919,2026-08-27,AMZ-2608-000286,GW-012,Parcel Select,3.83,0.00,10009,180
EasyPost,DEMO-0101,SHIP-2608-002920,2026-08-27,AMZ-2608-000322,GW-005,USPS Priority,10.61,0.00,10009,180
EasyPost,DEMO-0101,SHIP-2608-002921,2026-08-31,AMZ-2608-000333,GW-005,USPS Ground Advantage,11.48,0.00,10009,180
OSM,DEMO-0101,SHIP-2608-002922,2026-08-28,AMZ-2608-000337,GW-001,Parcel Select,14.52,0.51,10009,180
EasyPost,DEMO-0101,SHIP-2608-002923,2026-08-28,AMZ-2608-000373,GW-024,USPS Priority,11.23,0.00,10009,180
EasyPost,DEMO-0101,SHIP-2608-002924,2026-08-27,AMZ-2608-000394,GW-018,USPS Priority,15.00,0.00,10009,180
OSM,DEMO-0101,SHIP-2608-002925,2026-08-27,AMZ-2608-000430,GW-015,Parcel Select,10.90,0.00,10009,180
Pitney Bowes,DEMO-0101,SHIP-2608-002926,2026-08-31,AMZ-2608-000450,GW-016,USPS Ground Advantage,11.13,0.00,10009,180
OSM,DEMO-0101,SHIP-2608-002927,2026-08-31,AMZ-2608-000472,GW-017,Parcel Select,13.09,0.00,10009,180
OSM,DEMO-0101,SHIP-2608-002928,2026-08-31,AMZ-2608-000493,GW-021,Parcel Select,3.65,0.00,10009,180
OSM,DEMO-0101,SHIP-2608-002929,2026-08-31,AMZ-2608-000565,GW-014,Parcel Select,8.69,0.00,10009,180
OSM,DEMO-0101,SHIP-2608-002930,2026-08-27,AMZ-2608-000569,GW-007,Parcel Select,7.99,0.00,10009,180
OSM,DEMO-0101,SHIP-2608-002931,2026-08-28,AMZ-2608-000579,GW-001,Parcel Select,9.33,0.00,10009,180
Pitney Bowes,DEMO-0101,SHIP-2608-002932,2026-08-27,AMZ-2608-000601,GW-006,USPS Ground Advantage,12.42,0.00,10009,180
Pitney Bowes,DEMO-0101,SHIP-2608-002933,2026-08-31,CM-2608-000002,GW-012,USPS Ground Advantage,5.56,0.00,10009,180
Pitney Bowes,DEMO-0101,SHIP-2608-002934,2026-08-28,CM-2608-000008,GW-004,USPS Ground Advantage,7.94,0.00,10009,180
OSM,DEMO-0101,SHIP-2608-002935,2026-08-27,CM-2608-000047,GW-014,Parcel Select,10.84,0.00,10009,180
OSM,DEMO-0101,SHIP-2608-002936,2026-08-31,CM-2608-000090,GW-002,Parcel Select,12.57,0.00,10009,180
OSM,DEMO-0101,SHIP-2608-002937,2026-08-27,CM-2608-000114,GW-024,Parcel Select,4.89,0.00,10009,180
EasyPost,DEMO-0101,SHIP-2608-002938,2026-08-31,CM-2608-000220,GW-010,USPS Ground Advantage,13.78,0.00,10009,180
Pitney Bowes,DEMO-0101,SHIP-2608-002939,2026-08-27,CM-2608-000227,GW-004,USPS Ground Advantage,5.64,0.00,10009,180
Pitney Bowes,DEMO-0101,SHIP-2608-002940,2026-08-28,CM-2608-000245,GW-010,USPS Ground Advantage,5.56,0.00,10009,180
OSM,DEMO-0101,SHIP-2608-002941,2026-08-28,CM-2608-000246,GW-024,Parcel Select,8.31,0.00,10009,180
OSM,DEMO-0101,SHIP-2608-002942,2026-08-28,CM-2608-000247,GW-006,Parcel Select,5.78,0.00,10009,180
OSM,DEMO-0101,SHIP-2608-002943,2026-08-28,CM-2608-000357,GW-004,Parcel Select,6.98,0.00,10009,180
Pitney Bowes,DEMO-0101,SHIP-2608-002944,2026-08-27,CM-2608-000392,GW-016,USPS Ground Advantage,10.99,0.00,10009,180
OSM,DEMO-0101,SHIP-2608-002945,2026-08-27,CM-2608-000400,GW-006,Parcel Select,12.02,0.00,10009,180
OSM,DEMO-0101,SHIP-2608-002946,2026-08-31,CM-2608-000488,GW-015,Parcel Select,11.82,0.00,10009,180
EasyPost,DEMO-0101,SHIP-2608-002947,2026-08-27,EB-2608-000165,GW-006,USPS Priority,11.91,0.00,10009,180
Pitney Bowes,DEMO-0101,SHIP-2608-002948,2026-08-27,EB-2608-000187,GW-011,USPS Ground Advantage,3.83,0.00,10009,180
OSM,DEMO-0101,SHIP-2608-002949,2026-08-31,EB-2608-000227,GW-021,Parcel Select,11.50,0.00,10009,180
OSM,DEMO-0101,SHIP-2608-002950,2026-08-27,EB-2608-000228,GW-010,Parcel Select,13.56,0.00,10009,180
EasyPost,DEMO-0101,SHIP-2608-002951,2026-08-28,EB-2608-000240,GW-017,USPS Ground Advantage,14.57,0.00,10009,180
OSM,DEMO-0101,SHIP-2608-002952,2026-08-28,EB-2608-000264,GW-011,Parcel Select,11.93,0.00,10009,180
EasyPost,DEMO-0101,SHIP-2608-002953,2026-08-27,EB-2608-000273,GW-006,USPS Priority,4.03,0.00,10009,180
OSM,DEMO-0101,SHIP-2608-002954,2026-08-31,EB-2608-000275,GW-016,Parcel Select,9.58,0.00,10009,180
EasyPost,DEMO-0101,SHIP-2608-002955,2026-08-28,EB-2608-000308,GW-012,USPS Priority,5.37,0.00,10009,180
Pitney Bowes,DEMO-0101,SHIP-2608-002956,2026-08-28,EB-2608-000513,GW-021,USPS Ground Advantage,8.01,0.00,10009,180
OSM,DEMO-0101,SHIP-2608-002957,2026-08-28,EB-2608-000546,GW-008,Parcel Select,3.66,2.73,10009,180
OSM,DEMO-0101,SHIP-2608-002958,2026-08-27,EB-2608-000551,GW-001,Parcel Select,11.26,0.00,10009,180
OSM,DEMO-0101,SHIP-2608-002959,2026-08-27,EB-2608-000662,GW-003,Parcel Select,13.14,0.00,10009,180
OSM,DEMO-0101,SHIP-2608-002960,2026-08-31,EB-2608-000690,GW-004,Parcel Select,14.75,0.00,10009,180
Pitney Bowes,DEMO-0101,SHIP-2608-002961,2026-08-27,EB-2608-000844,GW-008,USPS Ground Advantage,7.10,0.00,10009,180
OSM,DEMO-0101,SHIP-2608-002962,2026-08-31,EB-2608-000870,GW-014,Parcel Select,9.34,0.00,10009,180
OSM,DEMO-0101,SHIP-2608-002963,2026-08-28,EB-2608-000883,GW-006,Parcel Select,6.41,0.00,10009,180
EasyPost,DEMO-0101,SHIP-2608-002964,2026-08-31,EB-2608-000900,GW-006,USPS Ground Advantage,7.87,0.00,10009,180
OSM,DEMO-0101,SHIP-2608-002965,2026-08-27,GWB-2608-000011,GW-005,Parcel Select,14.60,0.00,10009,180
Pitney Bowes,DEMO-0101,SHIP-2608-002966,2026-08-27,GWB-2608-000048,GW-015,USPS Ground Advantage,8.17,0.00,10009,180
OSM,DEMO-0101,SHIP-2608-002967,2026-08-27,GWB-2608-000073,GW-008,Parcel Select,12.13,0.00,10009,180
OSM,DEMO-0101,SHIP-2608-002968,2026-08-31,GWB-2608-000156,GW-014,Parcel Select,6.24,0.00,10009,180
Pitney Bowes,DEMO-0101,SHIP-2608-002969,2026-08-28,GWB-2608-000164,GW-004,USPS Ground Advantage,13.76,0.00,10009,180
Pitney Bowes,DEMO-0101,SHIP-2608-002970,2026-08-28,GWB-2608-000222,GW-002,USPS Ground Advantage,12.08,0.00,10009,180
EasyPost,DEMO-0101,SHIP-2608-002971,2026-08-27,GWB-2608-000244,GW-023,USPS Ground Advantage,5.24,0.00,10009,180
Pitney Bowes,DEMO-0101,SHIP-2608-002972,2026-08-27,GWB-2608-000252,GW-018,USPS Ground Advantage,10.93,0.00,10009,180
Pitney Bowes,DEMO-0101,SHIP-2608-002973,2026-08-27,GWB-2608-000262,GW-017,USPS Ground Advantage,15.11,0.00,10009,180
OSM,DEMO-0101,SHIP-2608-002974,2026-08-27,GWB-2608-000307,GW-020,Parcel Select,11.56,0.00,10009,180
OSM,DEMO-0101,SHIP-2608-002975,2026-08-27,SGW-2608-000036,GW-017,Parcel Select,4.66,0.00,10009,180
EasyPost,DEMO-0101,SHIP-2608-002976,2026-08-27,SGW-2608-000100,GW-017,USPS Ground Advantage,13.45,0.00,10009,180
OSM,DEMO-0101,SHIP-2608-002977,2026-08-27,SGW-2608-000102,GW-016,Parcel Select,6.22,0.00,10009,180
EasyPost,DEMO-0101,SHIP-2608-002978,2026-08-27,SGW-2608-000149,GW-012,USPS Ground Advantage,5.21,0.00,10009,180
Pitney Bowes,DEMO-0101,SHIP-2608-002979,2026-08-31,SGW-2608-000184,GW-002,USPS Ground Advantage,6.02,0.00,10009,180
Pitney Bowes,DEMO-0101,SHIP-2608-002980,2026-08-27,SGW-2608-000251,GW-010,USPS Ground Advantage,11.49,0.00,10009,180
OSM,DEMO-0101,SHIP-2608-002981,2026-08-27,SGW-2608-000263,GW-012,Parcel Select,14.20,0.00,10009,180
OSM,DEMO-0101,SHIP-2608-002982,2026-08-28,SGW-2608-000307,GW-001,Parcel Select,5.67,0.00,10009,180
Pitney Bowes,DEMO-0101,SHIP-2608-002983,2026-08-27,SGW-2608-000375,GW-023,USPS Ground Advantage,9.33,0.00,10009,180
EasyPost,DEMO-0101,SHIP-2608-002984,2026-08-27,SGW-2608-000435,GW-012,USPS Priority,10.74,0.00,10009,180
Pitney Bowes,DEMO-0101,SHIP-2608-002985,2026-08-27,SGW-2608-000451,GW-006,USPS Ground Advantage,13.50,0.00,10009,180
Pitney Bowes,DEMO-0101,SHIP-2608-002986,2026-08-31,SGW-2608-000496,GW-018,USPS Ground Advantage,13.03,0.00,10009,180
Pitney Bowes,DEMO-0101,SHIP-2608-002987,2026-08-31,SGW-2608-000552,GW-008,USPS Ground Advantage,7.06,0.00,10009,180
EasyPost,DEMO-0101,SHIP-2608-002988,2026-08-27,SGW-2608-000582,GW-009,USPS Ground Advantage,6.89,0.00,10009,180
Pitney Bowes,DEMO-0101,SHIP-2608-002989,2026-08-28,SGW-2608-000608,GW-004,USPS Ground Advantage,6.63,0.00,10009,180
Pitney Bowes,DEMO-0101,SHIP-2608-002990,2026-08-27,SGW-2608-000629,GW-011,USPS Ground Advantage,9.11,0.00,10009,180
Pitney Bowes,DEMO-0101,SHIP-2608-002991,2026-08-31,SGW-2608-000677,GW-004,USPS Ground Advantage,6.11,0.00,10009,180
EasyPost,DEMO-0101,SHIP-2608-002992,2026-08-31,SGW-2608-000727,GW-024,USPS Priority,5.33,1.84,10009,180
Pitney Bowes,DEMO-0101,SHIP-2608-002993,2026-08-27,SGW-2608-000750,GW-023,USPS Ground Advantage,4.21,0.00,10009,180
OSM,DEMO-0101,SHIP-2608-002994,2026-08-27,SGW-2608-000753,GW-004,Parcel Select,6.98,2.54,10009,180
Pitney Bowes,DEMO-0101,SHIP-2608-002995,2026-08-27,SGW-2608-000790,GW-024,USPS Ground Advantage,4.88,0.00,10009,180
OSM,DEMO-0101,SHIP-2608-002996,2026-08-31,SGW-2608-000844,,Parcel Select,7.60,0.00,10009,180
OSM,DEMO-0101,SHIP-2608-002997,2026-08-27,SGW-2608-000852,GW-011,Parcel Select,14.61,0.00,10009,180
OSM,DEMO-0101,SHIP-2608-002998,2026-08-27,SGW-2608-000863,GW-014,Parcel Select,7.42,0.00,10009,180
EasyPost,DEMO-0101,SHIP-2608-002999,2026-08-28,SGW-2608-000979,GW-010,USPS Ground Advantage,11.13,0.00,10009,180
Pitney Bowes,DEMO-0101,SHIP-2608-003000,2026-08-28,SGW-2608-000992,GW-024,USPS Ground Advantage,8.41,0.00,10009,180
OSM,DEMO-0101,SHIP-2608-003001,2026-08-28,SGW-2608-001105,GW-010,Parcel Select,10.63,0.00,10009,180
Pitney Bowes,DEMO-0101,SHIP-2608-003002,2026-08-28,SGW-2608-001131,GW-008,USPS Ground Advantage,13.89,0.00,10009,180
OSM,DEMO-0101,SHIP-2608-003003,2026-08-27,SGW-2608-001155,GW-024,Parcel Select,13.82,0.00,10009,180
Pitney Bowes,DEMO-0101,SHIP-2608-003004,2026-08-28,SGW-2608-001245,GW-008,USPS Ground Advantage,7.14,0.00,10009,180
EasyPost,DEMO-0101,SHIP-2608-003005,2026-08-27,SGW-2608-001316,GW-008,USPS Priority,6.45,0.00,10009,180
Pitney Bowes,DEMO-0101,SHIP-2608-003006,2026-08-28,SGW-2608-001317,GW-024,USPS Ground Advantage,7.50,0.00,10009,180
Pitney Bowes,DEMO-0101,SHIP-2608-003007,2026-08-28,SGW-2608-001396,GW-003,USPS Ground Advantage,12.76,0.00,10009,180
OSM,DEMO-0101,SHIP-2608-003008,2026-08-27,SGW-2608-001441,GW-011,Parcel Select,14.21,0.00,10009,180
OSM,DEMO-0101,SHIP-2608-003009,2026-08-27,SGW-2608-001452,GW-004,Parcel Select,3.70,0.00,10009,180
OSM,DEMO-0101,SHIP-2608-003010,2026-08-27,SGW-2608-001513,GW-001,Parcel Select,14.36,0.00,10009,180
OSM,DEMO-0101,SHIP-2608-003011,2026-08-28,SGW-2608-001693,GW-005,Parcel Select,9.45,0.00,10009,180
OSM,DEMO-0101,SHIP-2608-003012,2026-08-27,SGW-2608-001737,GW-021,Parcel Select,14.77,0.00,10009,180
EasyPost,DEMO-0101,SHIP-2608-003013,2026-08-27,SGW-2608-001788,GW-018,USPS Priority,3.72,0.00,10009,180
EasyPost,DEMO-0101,SHIP-2608-003014,2026-08-27,SGW-2608-001790,GW-017,USPS Priority,14.89,0.00,10009,180
OSM,DEMO-0101,SHIP-2608-003015,2026-08-27,UP-2608-000179,GW-002,Parcel Select,5.17,0.00,10009,180
Pitney Bowes,DEMO-0101,SHIP-2608-003016,2026-08-31,UP-2608-000189,GW-019,USPS Ground Advantage,7.95,0.00,10009,180
EasyPost,DEMO-0101,SHIP-2608-003017,2026-08-28,UP-2608-000209,GW-024,USPS Priority,11.00,0.00,10009,180
EasyPost,DEMO-0101,SHIP-2608-003018,2026-08-27,UP-2608-000219,GW-021,USPS Ground Advantage,13.28,0.00,10009,180
EasyPost,DEMO-0101,SHIP-2608-003019,2026-08-28,UP-2608-000221,GW-008,USPS Ground Advantage,11.87,0.84,10009,180
OSM,DEMO-0101,SHIP-2608-003020,2026-08-28,UP-2608-000308,GW-008,Parcel Select,4.60,0.00,10009,180
OSM,DEMO-0101,SHIP-2608-003021,2026-08-27,UP-2608-000310,GW-001,Parcel Select,7.02,0.00,10009,180
Pitney Bowes,DEMO-0101,SHIP-2608-003022,2026-08-31,UP-2608-000377,GW-001,USPS Ground Advantage,6.56,0.00,10009,180
OSM,DEMO-0101,SHIP-2608-003023,2026-08-27,UP-2608-000383,GW-014,Parcel Select,12.35,0.00,10009,180
OSM,DEMO-0101,SHIP-2608-003024,2026-08-27,UP-2608-000401,GW-020,Parcel Select,4.42,0.00,10009,180
Pitney Bowes,DEMO-0101,SHIP-2608-003025,2026-08-28,UP-2608-000528,GW-023,USPS Ground Advantage,14.95,0.00,10009,180
Pitney Bowes,DEMO-0101,SHIP-2608-003026,2026-08-27,UP-2608-000529,GW-013,USPS Ground Advantage,4.65,0.00,10009,180
EasyPost,DEMO-0101,SHIP-2608-003027,2026-08-28,UP-2608-000546,GW-006,USPS Ground Advantage,10.04,0.00,10009,180
EasyPost,DEMO-0101,SHIP-2608-003028,2026-08-31,UP-2608-000622,GW-013,USPS Priority,11.22,0.00,10009,180
OSM,DEMO-0101,SHIP-2608-003029,2026-08-27,UP-2608-000633,GW-011,Parcel Select,13.13,0.00,10009,180
EasyPost,DEMO-0101,SHIP-2608-003030,2026-08-31,AMZ-2608-000204,GW-005,USPS Ground Advantage,5.82,0.00,10009,180
OSM,DEMO-0101,SHIP-2608-003031,2026-08-28,AMZ-2608-000205,GW-001,Parcel Select,13.97,0.00,10009,180
Pitney Bowes,DEMO-0101,SHIP-2608-003032,2026-08-31,AMZ-2608-000241,GW-010,USPS Ground Advantage,4.54,0.00,10009,180
OSM,DEMO-0101,SHIP-2608-003033,2026-08-28,AMZ-2608-000288,GW-010,Parcel Select,14.24,0.00,10009,180
OSM,DEMO-0101,SHIP-2608-003034,2026-08-31,AMZ-2608-000312,GW-024,Parcel Select,5.89,0.00,10009,180
EasyPost,DEMO-0101,SHIP-2608-003035,2026-08-28,AMZ-2608-000319,GW-017,USPS Ground Advantage,9.18,0.00,10009,180
EasyPost,DEMO-0101,SHIP-2608-003036,2026-08-28,AMZ-2608-000332,GW-018,USPS Ground Advantage,6.68,0.00,10009,180
OSM,DEMO-0101,SHIP-2608-003037,2026-08-31,AMZ-2608-000480,GW-019,Parcel Select,7.56,0.00,10009,180
OSM,DEMO-0101,SHIP-2608-003038,2026-08-31,AMZ-2608-000513,GW-005,Parcel Select,14.29,0.00,10009,180
OSM,DEMO-0101,SHIP-2608-003039,2026-08-31,AMZ-2608-000530,GW-011,Parcel Select,7.25,0.00,10009,180
OSM,DEMO-0101,SHIP-2608-003040,2026-08-31,AMZ-2608-000595,GW-006,Parcel Select,15.11,0.00,10009,180
EasyPost,DEMO-0101,SHIP-2608-003041,2026-08-28,AMZ-2608-000645,GW-003,USPS Priority,13.03,2.74,10009,180
Pitney Bowes,DEMO-0101,SHIP-2608-003042,2026-08-28,CM-2608-000007,GW-002,USPS Ground Advantage,8.30,0.00,10009,180
EasyPost,DEMO-0101,SHIP-2608-003043,2026-08-28,CM-2608-000015,GW-017,USPS Ground Advantage,9.73,0.00,10009,180
OSM,DEMO-0101,SHIP-2608-003044,2026-08-31,CM-2608-000016,GW-017,Parcel Select,11.13,0.00,10009,180
Pitney Bowes,DEMO-0101,SHIP-2608-003045,2026-08-31,CM-2608-000044,GW-020,USPS Ground Advantage,6.34,0.00,10009,180
OSM,DEMO-0101,SHIP-2608-003046,2026-08-31,CM-2608-000049,GW-001,Parcel Select,13.86,0.00,10009,180
OSM,DEMO-0101,SHIP-2608-003047,2026-08-31,CM-2608-000119,GW-001,Parcel Select,7.24,0.00,10009,180
Pitney Bowes,DEMO-0101,SHIP-2608-003048,2026-08-31,CM-2608-000151,GW-016,USPS Ground Advantage,14.95,0.00,10009,180
OSM,DEMO-0101,SHIP-2608-003049,2026-08-31,CM-2608-000174,GW-020,Parcel Select,11.05,0.00,10009,180
Pitney Bowes,DEMO-0101,SHIP-2608-003050,2026-08-31,CM-2608-000235,GW-003,USPS Ground Advantage,12.89,0.00,10009,180
Pitney Bowes,DEMO-0101,SHIP-2608-003051,2026-08-31,CM-2608-000240,GW-010,USPS Ground Advantage,10.24,0.00,10009,180
OSM,DEMO-0101,SHIP-2608-003052,2026-08-28,CM-2608-000279,GW-008,Parcel Select,9.32,0.00,10009,180
EasyPost,DEMO-0101,SHIP-2608-003053,2026-08-31,CM-2608-000315,GW-004,USPS Priority,13.45,0.00,10009,180
OSM,DEMO-0101,SHIP-2608-003054,2026-08-31,CM-2608-000341,GW-022,Parcel Select,11.66,0.00,10009,180
Pitney Bowes,DEMO-0101,SHIP-2608-003055,2026-08-31,CM-2608-000350,GW-009,USPS Ground Advantage,5.14,0.00,10009,180
Pitney Bowes,DEMO-0101,SHIP-2608-003056,2026-08-31,CM-2608-000379,GW-002,USPS Ground Advantage,13.93,0.00,10009,180
OSM,DEMO-0101,SHIP-2608-003057,2026-08-31,CM-2608-000438,GW-015,Parcel Select,14.89,0.00,10009,180
OSM,DEMO-0101,SHIP-2608-003058,2026-08-31,CM-2608-000448,GW-002,Parcel Select,7.26,0.00,10009,180
OSM,DEMO-0101,SHIP-2608-003059,2026-08-31,CM-2608-000471,GW-009,Parcel Select,9.93,0.00,10009,180
OSM,DEMO-0101,SHIP-2608-003060,2026-08-28,CM-2608-000475,GW-012,Parcel Select,12.26,0.00,10009,180
OSM,DEMO-0101,SHIP-2608-003061,2026-08-31,CM-2608-000485,GW-008,Parcel Select,7.01,0.00,10009,180
OSM,DEMO-0101,SHIP-2608-003062,2026-08-31,EB-2608-000023,GW-020,Parcel Select,4.47,0.00,10009,180
EasyPost,DEMO-0101,SHIP-2608-003063,2026-08-28,EB-2608-000025,GW-012,USPS Priority,13.63,0.00,10009,180
Pitney Bowes,DEMO-0101,SHIP-2608-003064,2026-08-31,EB-2608-000030,GW-024,USPS Ground Advantage,14.34,0.00,10009,180
Pitney Bowes,DEMO-0101,SHIP-2608-003065,2026-08-31,EB-2608-000113,GW-009,USPS Ground Advantage,11.80,0.00,10009,180
OSM,DEMO-0101,SHIP-2608-003066,2026-08-28,EB-2608-000122,GW-001,Parcel Select,3.78,0.00,10009,180
EasyPost,DEMO-0101,SHIP-2608-003067,2026-08-28,EB-2608-000156,GW-014,USPS Ground Advantage,11.60,0.00,10009,180
OSM,DEMO-0101,SHIP-2608-003068,2026-08-28,EB-2608-000196,GW-022,Parcel Select,3.66,0.00,10009,180
OSM,DEMO-0101,SHIP-2608-003069,2026-08-31,EB-2608-000267,GW-021,Parcel Select,11.55,0.00,10009,180
OSM,DEMO-0101,SHIP-2608-003070,2026-08-31,EB-2608-000271,GW-008,Parcel Select,8.10,0.00,10009,180
Pitney Bowes,DEMO-0101,SHIP-2608-003071,2026-08-28,EB-2608-000279,GW-012,USPS Ground Advantage,14.46,0.00,10009,180
OSM,DEMO-0101,SHIP-2608-003072,2026-08-28,EB-2608-000305,GW-012,Parcel Select,9.64,0.00,10009,180
OSM,DEMO-0101,SHIP-2608-003073,2026-08-28,EB-2608-000361,GW-010,Parcel Select,10.61,0.00,10009,180
OSM,DEMO-0101,SHIP-2608-003074,2026-08-28,EB-2608-000488,GW-009,Parcel Select,6.27,0.00,10009,180
OSM,DEMO-0101,SHIP-2608-003075,2026-08-31,EB-2608-000601,GW-017,Parcel Select,7.41,0.00,10009,180
EasyPost,DEMO-0101,SHIP-2608-003076,2026-08-28,EB-2608-000728,GW-018,USPS Priority,13.48,0.00,10009,180
OSM,DEMO-0101,SHIP-2608-003077,2026-08-31,EB-2608-000738,GW-006,Parcel Select,5.61,0.00,10009,180
EasyPost,DEMO-0101,SHIP-2608-003078,2026-08-31,EB-2608-000808,GW-004,USPS Priority,8.37,0.00,10009,180
OSM,DEMO-0101,SHIP-2608-003079,2026-08-31,EB-2608-000847,GW-023,Parcel Select,5.07,0.00,10009,180
Pitney Bowes,DEMO-0101,SHIP-2608-003080,2026-08-31,GWB-2608-000008,GW-016,USPS Ground Advantage,7.06,0.00,10009,180
OSM,DEMO-0101,SHIP-2608-003081,2026-08-31,GWB-2608-000026,GW-012,Parcel Select,9.45,0.00,10009,180
EasyPost,DEMO-0101,SHIP-2608-003082,2026-08-28,GWB-2608-000097,GW-016,USPS Priority,11.72,0.00,10009,180
Pitney Bowes,DEMO-0101,SHIP-2608-003083,2026-08-31,GWB-2608-000160,GW-018,USPS Ground Advantage,7.37,-1.79,10009,180
OSM,DEMO-0101,SHIP-2608-003084,2026-08-28,GWB-2608-000165,GW-020,Parcel Select,5.62,0.00,10009,180
Pitney Bowes,DEMO-0101,SHIP-2608-003085,2026-08-28,GWB-2608-000175,GW-004,USPS Ground Advantage,11.98,0.00,10009,180
Pitney Bowes,DEMO-0101,SHIP-2608-003086,2026-08-28,GWB-2608-000185,GW-008,USPS Ground Advantage,11.26,0.00,10009,180
OSM,DEMO-0101,SHIP-2608-003087,2026-08-28,GWB-2608-000230,GW-015,Parcel Select,9.27,0.00,10009,180
EasyPost,DEMO-0101,SHIP-2608-003088,2026-08-31,GWB-2608-000234,GW-007,USPS Ground Advantage,8.21,0.00,10009,180
EasyPost,DEMO-0101,SHIP-2608-003089,2026-08-31,GWB-2608-000247,GW-012,USPS Ground Advantage,8.87,0.00,10009,180
OSM,DEMO-0101,SHIP-2608-003090,2026-08-28,GWB-2608-000354,GW-022,Parcel Select,12.60,0.00,10009,180
OSM,DEMO-0101,SHIP-2608-003091,2026-08-31,GWB-2608-000357,GW-008,Parcel Select,12.06,0.00,10009,180
Pitney Bowes,DEMO-0101,SHIP-2608-003092,2026-08-31,GWB-2608-000411,GW-021,USPS Ground Advantage,8.80,0.00,10009,180
EasyPost,DEMO-0101,SHIP-2608-003093,2026-08-31,GWB-2608-000413,GW-020,USPS Ground Advantage,10.57,0.00,10009,180
OSM,DEMO-0101,SHIP-2608-003094,2026-08-28,GWB-2608-000421,GW-015,Parcel Select,5.47,0.00,10009,180
Pitney Bowes,DEMO-0101,SHIP-2608-003095,2026-08-31,SGW-2608-000021,GW-008,USPS Ground Advantage,4.10,0.30,10009,180
OSM,DEMO-0101,SHIP-2608-003096,2026-08-28,SGW-2608-000144,GW-020,Parcel Select,12.31,0.00,10009,180
Pitney Bowes,DEMO-0101,SHIP-2608-003097,2026-08-28,SGW-2608-000204,GW-022,USPS Ground Advantage,9.09,0.00,10009,180
OSM,DEMO-0101,SHIP-2608-003098,2026-08-31,SGW-2608-000224,GW-017,Parcel Select,5.66,0.00,10009,180
EasyPost,DEMO-0101,SHIP-2608-003099,2026-08-31,SGW-2608-000258,GW-006,USPS Ground Advantage,6.65,0.00,10009,180
OSM,DEMO-0101,SHIP-2608-003100,2026-08-31,SGW-2608-000323,GW-013,Parcel Select,7.44,0.00,10009,180
OSM,DEMO-0101,SHIP-2608-003101,2026-08-28,SGW-2608-000357,GW-006,Parcel Select,12.54,0.00,10009,180
OSM,DEMO-0101,SHIP-2608-003102,2026-08-31,SGW-2608-000372,GW-001,Parcel Select,9.59,0.00,10009,180
OSM,DEMO-0101,SHIP-2608-003103,2026-08-28,SGW-2608-000577,GW-024,Parcel Select,5.51,0.00,10009,180
OSM,DEMO-0101,SHIP-2608-003104,2026-08-31,SGW-2608-000738,GW-012,Parcel Select,6.89,0.00,10009,180
Pitney Bowes,DEMO-0101,SHIP-2608-003105,2026-08-31,SGW-2608-000751,GW-020,USPS Ground Advantage,9.39,0.00,10009,180
OSM,DEMO-0101,SHIP-2608-003106,2026-08-28,SGW-2608-000769,GW-010,Parcel Select,11.44,0.00,10009,180
OSM,DEMO-0101,SHIP-2608-003107,2026-08-28,SGW-2608-000774,GW-005,Parcel Select,4.13,0.00,10009,180
Pitney Bowes,DEMO-0101,SHIP-2608-003108,2026-08-28,SGW-2608-000848,GW-008,USPS Ground Advantage,7.10,0.00,10009,180
Pitney Bowes,DEMO-0101,SHIP-2608-003109,2026-08-31,SGW-2608-000871,GW-016,USPS Ground Advantage,15.01,0.00,10009,180
OSM,DEMO-0101,SHIP-2608-003110,2026-08-31,SGW-2608-000899,GW-018,Parcel Select,9.40,0.00,10009,180
OSM,DEMO-0101,SHIP-2608-003111,2026-08-31,SGW-2608-000960,GW-014,Parcel Select,11.08,0.00,10009,180
OSM,DEMO-0101,SHIP-2608-003112,2026-08-31,SGW-2608-001001,GW-021,Parcel Select,15.03,0.00,10009,180
Pitney Bowes,DEMO-0101,SHIP-2608-003113,2026-08-28,SGW-2608-001052,GW-013,USPS Ground Advantage,14.05,0.00,10009,180
EasyPost,DEMO-0101,SHIP-2608-003114,2026-08-31,SGW-2608-001095,GW-007,USPS Priority,14.07,0.00,10009,180
OSM,DEMO-0101,SHIP-2608-003115,2026-08-31,SGW-2608-001234,GW-010,Parcel Select,13.78,0.00,10009,180
Pitney Bowes,DEMO-0101,SHIP-2608-003116,2026-08-31,SGW-2608-001249,GW-001,USPS Ground Advantage,5.04,0.00,10009,180
Pitney Bowes,DEMO-0101,SHIP-2608-003117,2026-08-31,SGW-2608-001269,GW-017,USPS Ground Advantage,5.34,0.00,10009,180
OSM,DEMO-0101,SHIP-2608-003118,2026-08-28,SGW-2608-001280,GW-008,Parcel Select,11.72,0.00,10009,180
EasyPost,DEMO-0101,SHIP-2608-003119,2026-08-31,SGW-2608-001297,GW-008,USPS Ground Advantage,5.18,0.00,10009,180
OSM,DEMO-0101,SHIP-2608-003120,2026-08-31,SGW-2608-001356,GW-010,Parcel Select,8.38,0.00,10009,180
OSM,DEMO-0101,SHIP-2608-003121,2026-08-31,SGW-2608-001422,GW-004,Parcel Select,5.06,0.00,10009,180
OSM,DEMO-0101,SHIP-2608-003122,2026-08-28,SGW-2608-001502,GW-024,Parcel Select,5.75,0.00,10009,180
EasyPost,DEMO-0101,SHIP-2608-003123,2026-08-31,SGW-2608-001541,GW-004,USPS Ground Advantage,7.03,0.00,10009,180
OSM,DEMO-0101,SHIP-2608-003124,2026-08-28,SGW-2608-001550,GW-001,Parcel Select,4.86,0.00,10009,180
OSM,DEMO-0101,SHIP-2608-003125,2026-08-31,SGW-2608-001612,GW-002,Parcel Select,12.77,0.00,10009,180
Pitney Bowes,DEMO-0101,SHIP-2608-003126,2026-08-31,SGW-2608-001628,GW-011,USPS Ground Advantage,4.14,0.00,10009,180
OSM,DEMO-0101,SHIP-2608-003127,2026-08-31,SGW-2608-001632,GW-014,Parcel Select,6.30,0.00,10009,180
EasyPost,DEMO-0101,SHIP-2608-003128,2026-08-28,SGW-2608-001725,GW-017,USPS Priority,8.83,0.00,10009,180
Pitney Bowes,DEMO-0101,SHIP-2608-003129,2026-08-28,SGW-2608-001756,GW-021,USPS Ground Advantage,10.39,0.00,10009,180
OSM,DEMO-0101,SHIP-2608-003130,2026-08-31,SGW-2608-001782,GW-005,Parcel Select,9.13,0.00,10009,180
Pitney Bowes,DEMO-0101,SHIP-2608-003131,2026-08-31,UP-2608-000002,GW-004,USPS Ground Advantage,14.56,0.00,10009,180
OSM,DEMO-0101,SHIP-2608-003132,2026-08-28,UP-2608-000020,GW-001,Parcel Select,7.12,0.00,10009,180
OSM,DEMO-0101,SHIP-2608-003133,2026-08-28,UP-2608-000023,GW-016,Parcel Select,9.10,0.00,10009,180
Pitney Bowes,DEMO-0101,SHIP-2608-003134,2026-08-31,UP-2608-000025,GW-006,USPS Ground Advantage,8.65,-1.26,10009,180
OSM,DEMO-0101,SHIP-2608-003135,2026-08-28,UP-2608-000027,GW-011,Parcel Select,7.62,0.00,10009,180
OSM,DEMO-0101,SHIP-2608-003136,2026-08-31,UP-2608-000057,GW-012,Parcel Select,14.59,0.00,10009,180
Pitney Bowes,DEMO-0101,SHIP-2608-003137,2026-08-31,UP-2608-000188,GW-004,USPS Ground Advantage,4.29,0.00,10009,180
OSM,DEMO-0101,SHIP-2608-003138,2026-08-31,UP-2608-000191,GW-012,Parcel Select,12.92,0.00,10009,180
Pitney Bowes,DEMO-0101,SHIP-2608-003139,2026-08-31,UP-2608-000218,GW-010,USPS Ground Advantage,10.62,0.00,10009,180
OSM,DEMO-0101,SHIP-2608-003140,2026-08-28,UP-2608-000251,GW-002,Parcel Select,8.55,0.00,10009,180
OSM,DEMO-0101,SHIP-2608-003141,2026-08-28,UP-2608-000268,GW-021,Parcel Select,6.88,0.00,10009,180
EasyPost,DEMO-0101,SHIP-2608-003142,2026-08-31,UP-2608-000326,GW-005,USPS Priority,14.45,0.00,10009,180
Pitney Bowes,DEMO-0101,SHIP-2608-003143,2026-08-31,UP-2608-000341,GW-024,USPS Ground Advantage,10.44,0.00,10009,180
Pitney Bowes,DEMO-0101,SHIP-2608-003144,2026-08-28,UP-2608-000354,GW-015,USPS Ground Advantage,13.97,0.00,10009,180
Pitney Bowes,DEMO-0101,SHIP-2608-003145,2026-08-31,UP-2608-000438,GW-013,USPS Ground Advantage,8.92,0.00,10009,180
OSM,DEMO-0101,SHIP-2608-003146,2026-08-31,UP-2608-000537,GW-009,Parcel Select,8.99,0.00,10009,180
OSM,DEMO-0101,SHIP-2608-003147,2026-08-31,UP-2608-000542,GW-017,Parcel Select,11.05,0.00,10009,180
EasyPost,DEMO-0101,SHIP-2608-003148,2026-08-31,UP-2608-000574,GW-003,USPS Ground Advantage,8.15,0.00,10009,180
OSM,DEMO-0101,SHIP-2608-003149,2026-08-31,UP-2608-000646,GW-002,Parcel Select,4.95,0.00,10009,180
Pitney Bowes,DEMO-0101,SHIP-2608-003150,2026-08-31,AMZ-2608-000019,GW-014,USPS Ground Advantage,4.10,0.00,10009,180
OSM,DEMO-0101,SHIP-2608-003151,2026-08-31,AMZ-2608-000038,GW-002,Parcel Select,9.82,0.00,10009,180
OSM,DEMO-0101,SHIP-2608-003152,2026-08-31,AMZ-2608-000044,GW-006,Parcel Select,12.90,0.00,10009,180
EasyPost,DEMO-0101,SHIP-2608-003153,2026-08-31,AMZ-2608-000126,GW-024,USPS Ground Advantage,12.80,0.00,10009,180
OSM,DEMO-0101,SHIP-2608-003154,2026-08-31,AMZ-2608-000162,GW-009,Parcel Select,12.07,0.00,10009,180
Pitney Bowes,DEMO-0101,SHIP-2608-003155,2026-08-31,AMZ-2608-000168,GW-015,USPS Ground Advantage,11.43,0.00,10009,180
OSM,DEMO-0101,SHIP-2608-003156,2026-08-31,AMZ-2608-000213,GW-009,Parcel Select,13.96,0.00,10009,180
OSM,DEMO-0101,SHIP-2608-003157,2026-08-31,AMZ-2608-000246,GW-023,Parcel Select,7.92,0.00,10009,180
OSM,DEMO-0101,SHIP-2608-003158,2026-08-31,AMZ-2608-000389,GW-022,Parcel Select,4.88,0.00,10009,180
Pitney Bowes,DEMO-0101,SHIP-2608-003159,2026-08-31,AMZ-2608-000448,GW-022,USPS Ground Advantage,4.55,0.00,10009,180
OSM,DEMO-0101,SHIP-2608-003160,2026-08-31,AMZ-2608-000495,GW-022,Parcel Select,11.72,0.00,10009,180
OSM,DEMO-0101,SHIP-2608-003161,2026-08-31,AMZ-2608-000511,GW-011,Parcel Select,9.30,0.00,10009,180
OSM,DEMO-0101,SHIP-2608-003162,2026-08-31,AMZ-2608-000512,GW-004,Parcel Select,7.46,0.00,10009,180
OSM,DEMO-0101,SHIP-2608-003163,2026-08-31,AMZ-2608-000575,GW-008,Parcel Select,14.24,0.00,10009,180
OSM,DEMO-0101,SHIP-2608-003164,2026-08-31,AMZ-2608-000602,GW-020,Parcel Select,9.26,0.00,10009,180
OSM,DEMO-0101,SHIP-2608-003165,2026-08-31,AMZ-2608-000610,GW-008,Parcel Select,12.15,0.00,10009,180
OSM,DEMO-0101,SHIP-2608-003166,2026-08-31,AMZ-2608-000642,GW-002,Parcel Select,13.58,0.00,10009,180
OSM,DEMO-0101,SHIP-2608-003167,2026-08-31,CM-2608-000077,GW-015,Parcel Select,9.98,0.00,10009,180
OSM,DEMO-0101,SHIP-2608-003168,2026-08-31,CM-2608-000099,GW-006,Parcel Select,8.36,0.00,10009,180
OSM,DEMO-0101,SHIP-2608-003169,2026-08-31,CM-2608-000143,GW-011,Parcel Select,11.26,0.00,10009,180
OSM,DEMO-0101,SHIP-2608-003170,2026-08-31,CM-2608-000191,GW-011,Parcel Select,12.08,0.00,10009,180
OSM,DEMO-0101,SHIP-2608-003171,2026-08-31,CM-2608-000203,GW-020,Parcel Select,10.30,-0.18,10009,180
EasyPost,DEMO-0101,SHIP-2608-003172,2026-08-31,CM-2608-000299,GW-013,USPS Ground Advantage,14.45,0.00,10009,180
OSM,DEMO-0101,SHIP-2608-003173,2026-08-31,CM-2608-000310,GW-002,Parcel Select,11.86,0.00,10009,180
OSM,DEMO-0101,SHIP-2608-003174,2026-08-31,CM-2608-000381,GW-007,Parcel Select,4.22,0.00,10009,180
Pitney Bowes,DEMO-0101,SHIP-2608-003175,2026-08-31,CM-2608-000470,GW-003,USPS Ground Advantage,3.55,0.00,10009,180
OSM,DEMO-0101,SHIP-2608-003176,2026-08-31,CM-2608-000483,GW-004,Parcel Select,8.29,0.00,10009,180
Pitney Bowes,DEMO-0101,SHIP-2608-003177,2026-08-31,EB-2608-000003,GW-022,USPS Ground Advantage,10.35,0.00,10009,180
Pitney Bowes,DEMO-0101,SHIP-2608-003178,2026-08-31,EB-2608-000024,GW-024,USPS Ground Advantage,7.02,0.00,10009,180
Pitney Bowes,DEMO-0101,SHIP-2608-003179,2026-08-31,EB-2608-000033,GW-012,USPS Ground Advantage,12.50,0.00,10009,180
OSM,DEMO-0101,SHIP-2608-003180,2026-08-31,EB-2608-000075,GW-008,Parcel Select,12.79,0.00,10009,180
Pitney Bowes,DEMO-0101,SHIP-2608-003181,2026-08-31,EB-2608-000311,GW-001,USPS Ground Advantage,9.25,0.00,10009,180
EasyPost,DEMO-0101,SHIP-2608-003182,2026-08-31,EB-2608-000321,GW-007,USPS Priority,7.84,0.00,10009,180
EasyPost,DEMO-0101,SHIP-2608-003183,2026-08-31,EB-2608-000380,GW-015,USPS Ground Advantage,12.89,0.00,10009,180
Pitney Bowes,DEMO-0101,SHIP-2608-003184,2026-08-31,EB-2608-000422,GW-012,USPS Ground Advantage,4.75,0.00,10009,180
OSM,DEMO-0101,SHIP-2608-003185,2026-08-31,EB-2608-000428,GW-017,Parcel Select,9.09,0.00,10009,180
OSM,DEMO-0101,SHIP-2608-003186,2026-08-31,EB-2608-000459,GW-005,Parcel Select,12.47,0.00,10009,180
OSM,DEMO-0101,SHIP-2608-003187,2026-08-31,EB-2608-000473,GW-011,Parcel Select,12.79,0.00,10009,180
Pitney Bowes,DEMO-0101,SHIP-2608-003188,2026-08-31,EB-2608-000477,GW-009,USPS Ground Advantage,12.79,0.00,10009,180
OSM,DEMO-0101,SHIP-2608-003189,2026-08-31,EB-2608-000533,GW-001,Parcel Select,8.99,0.00,10009,180
Pitney Bowes,DEMO-0101,SHIP-2608-003190,2026-08-31,EB-2608-000575,GW-019,USPS Ground Advantage,12.71,0.00,10009,180
OSM,DEMO-0101,SHIP-2608-003191,2026-08-31,EB-2608-000776,GW-021,Parcel Select,8.97,0.00,10009,180
OSM,DEMO-0101,SHIP-2608-003192,2026-08-31,EB-2608-000821,GW-022,Parcel Select,6.58,0.00,10009,180
EasyPost,DEMO-0101,SHIP-2608-003193,2026-08-31,EB-2608-000855,GW-012,USPS Ground Advantage,6.92,0.00,10009,180
OSM,DEMO-0101,SHIP-2608-003194,2026-08-31,GWB-2608-000027,GW-009,Parcel Select,9.98,0.00,10009,180
OSM,DEMO-0101,SHIP-2608-003195,2026-08-31,GWB-2608-000296,GW-018,Parcel Select,8.30,0.00,10009,180
Pitney Bowes,DEMO-0101,SHIP-2608-003196,2026-08-31,GWB-2608-000325,GW-011,USPS Ground Advantage,5.19,0.00,10009,180
Pitney Bowes,DEMO-0101,SHIP-2608-003197,2026-08-31,GWB-2608-000329,GW-004,USPS Ground Advantage,6.41,1.35,10009,180
OSM,DEMO-0101,SHIP-2608-003198,2026-08-31,GWB-2608-000379,GW-015,Parcel Select,13.61,0.00,10009,180
OSM,DEMO-0101,SHIP-2608-003199,2026-08-31,GWB-2608-000449,GW-003,Parcel Select,3.81,0.00,10009,180
OSM,DEMO-0101,SHIP-2608-003200,2026-08-31,SGW-2608-000007,GW-006,Parcel Select,12.97,0.00,10009,180
OSM,DEMO-0101,SHIP-2608-003201,2026-08-31,SGW-2608-000026,GW-010,Parcel Select,9.45,0.00,10009,180
OSM,DEMO-0101,SHIP-2608-003202,2026-08-31,SGW-2608-000029,GW-021,Parcel Select,14.36,0.00,10009,180
OSM,DEMO-0101,SHIP-2608-003203,2026-08-31,SGW-2608-000042,GW-024,Parcel Select,14.45,0.00,10009,180
OSM,DEMO-0101,SHIP-2608-003204,2026-08-31,SGW-2608-000092,GW-015,Parcel Select,8.60,0.00,10009,180
OSM,DEMO-0101,SHIP-2608-003205,2026-08-31,SGW-2608-000237,GW-015,Parcel Select,5.68,0.00,10009,180
OSM,DEMO-0101,SHIP-2608-003206,2026-08-31,SGW-2608-000264,GW-014,Parcel Select,12.81,0.00,10009,180
Pitney Bowes,DEMO-0101,SHIP-2608-003207,2026-08-31,SGW-2608-000319,GW-024,USPS Ground Advantage,11.32,0.00,10009,180
OSM,DEMO-0101,SHIP-2608-003208,2026-08-31,SGW-2608-000369,GW-012,Parcel Select,6.35,0.00,10009,180
OSM,DEMO-0101,SHIP-2608-003209,2026-08-31,SGW-2608-000431,GW-001,Parcel Select,12.89,0.00,10009,180
Pitney Bowes,DEMO-0101,SHIP-2608-003210,2026-08-31,SGW-2608-000494,GW-010,USPS Ground Advantage,11.71,0.00,10009,180
Pitney Bowes,DEMO-0101,SHIP-2608-003211,2026-08-31,SGW-2608-000585,GW-012,USPS Ground Advantage,7.05,0.00,10009,180
Pitney Bowes,DEMO-0101,SHIP-2608-003212,2026-08-31,SGW-2608-000706,GW-014,USPS Ground Advantage,7.71,0.00,10009,180
EasyPost,DEMO-0101,SHIP-2608-003213,2026-08-31,SGW-2608-000722,GW-008,USPS Priority,11.65,0.00,10009,180
OSM,DEMO-0101,SHIP-2608-003214,2026-08-31,SGW-2608-000897,GW-012,Parcel Select,11.54,0.00,10009,180
OSM,DEMO-0101,SHIP-2608-003215,2026-08-31,SGW-2608-001003,GW-021,Parcel Select,9.01,0.00,10009,180
OSM,DEMO-0101,SHIP-2608-003216,2026-08-31,SGW-2608-001049,GW-015,Parcel Select,6.23,0.00,10009,180
EasyPost,DEMO-0101,SHIP-2608-003217,2026-08-31,SGW-2608-001170,GW-016,USPS Ground Advantage,7.63,0.00,10009,180
EasyPost,DEMO-0101,SHIP-2608-003218,2026-08-31,SGW-2608-001211,GW-015,USPS Ground Advantage,6.86,0.00,10009,180
OSM,DEMO-0101,SHIP-2608-003219,2026-08-31,SGW-2608-001221,GW-015,Parcel Select,12.15,-0.75,10009,180
OSM,DEMO-0101,SHIP-2608-003220,2026-08-31,SGW-2608-001361,GW-020,Parcel Select,13.67,0.00,10009,180
Pitney Bowes,DEMO-0101,SHIP-2608-003221,2026-08-31,SGW-2608-001383,GW-012,USPS Ground Advantage,6.14,0.00,10009,180
OSM,DEMO-0101,SHIP-2608-003222,2026-08-31,SGW-2608-001450,GW-016,Parcel Select,10.17,0.00,10009,180
Pitney Bowes,DEMO-0101,SHIP-2608-003223,2026-08-31,SGW-2608-001465,GW-005,USPS Ground Advantage,9.05,0.00,10009,180
EasyPost,DEMO-0101,SHIP-2608-003224,2026-08-31,SGW-2608-001486,GW-024,USPS Ground Advantage,13.25,0.00,10009,180
EasyPost,DEMO-0101,SHIP-2608-003225,2026-08-31,SGW-2608-001549,GW-023,USPS Priority,5.34,0.00,10009,180
Pitney Bowes,DEMO-0101,SHIP-2608-003226,2026-08-31,SGW-2608-001719,GW-024,USPS Ground Advantage,12.44,0.00,10009,180
OSM,DEMO-0101,SHIP-2608-003227,2026-08-31,SGW-2608-001736,GW-007,Parcel Select,11.08,0.00,10009,180
OSM,DEMO-0101,SHIP-2608-003228,2026-08-31,SGW-2608-001767,GW-024,Parcel Select,10.40,0.00,10009,180
OSM,DEMO-0101,SHIP-2608-003229,2026-08-31,SGW-2608-001778,GW-012,Parcel Select,5.39,-0.77,10009,180
Pitney Bowes,DEMO-0101,SHIP-2608-003230,2026-08-31,UP-2608-000021,GW-010,USPS Ground Advantage,14.87,0.00,10009,180
Pitney Bowes,DEMO-0101,SHIP-2608-003231,2026-08-31,UP-2608-000032,GW-020,USPS Ground Advantage,6.12,0.00,10009,180
EasyPost,DEMO-0101,SHIP-2608-003232,2026-08-31,UP-2608-000171,GW-003,USPS Ground Advantage,10.70,0.00,10009,180
Pitney Bowes,DEMO-0101,SHIP-2608-003233,2026-08-31,UP-2608-000272,GW-013,USPS Ground Advantage,13.81,-1.64,10009,180
OSM,DEMO-0101,SHIP-2608-003234,2026-08-31,UP-2608-000282,GW-004,Parcel Select,6.34,0.00,10009,180
OSM,DEMO-0101,SHIP-2608-003235,2026-08-31,UP-2608-000353,GW-009,Parcel Select,11.93,0.00,10009,180
EasyPost,DEMO-0101,SHIP-2608-003236,2026-08-31,UP-2608-000424,GW-005,USPS Priority,8.75,0.00,10009,180
OSM,DEMO-0101,SHIP-2608-003237,2026-08-31,UP-2608-000432,GW-009,Parcel Select,6.65,0.00,10009,180
Pitney Bowes,DEMO-0101,SHIP-2608-003238,2026-08-31,UP-2608-000461,GW-010,USPS Ground Advantage,6.26,0.00,10009,180
Pitney Bowes,DEMO-0101,SHIP-2608-003239,2026-08-31,UP-2608-000501,GW-007,USPS Ground Advantage,8.62,0.00,10009,180
OSM,DEMO-0101,SHIP-2608-003240,2026-08-31,UP-2608-000532,GW-009,Parcel Select,3.51,0.00,10009,180
Pitney Bowes,DEMO-0101,SHIP-2608-003241,2026-08-31,UP-2608-000603,GW-001,USPS Ground Advantage,6.85,0.00,10009,180
EasyPost,DEMO-0101,SHIP-2608-003242,2026-08-31,AMZ-2608-000041,GW-001,USPS Priority,9.94,0.00,10009,180
OSM,DEMO-0101,SHIP-2608-003243,2026-08-31,AMZ-2608-000094,GW-001,Parcel Select,3.57,0.00,10009,180
EasyPost,DEMO-0101,SHIP-2608-003244,2026-08-31,AMZ-2608-000146,GW-012,USPS Priority,4.41,0.00,10009,180
OSM,DEMO-0101,SHIP-2608-003245,2026-08-31,AMZ-2608-000166,GW-009,Parcel Select,6.73,0.00,10009,180
EasyPost,DEMO-0101,SHIP-2608-003246,2026-08-31,AMZ-2608-000361,GW-005,USPS Priority,6.92,0.00,10009,180
EasyPost,DEMO-0101,SHIP-2608-003247,2026-08-31,AMZ-2608-000524,GW-008,USPS Priority,3.55,0.00,10009,180
EasyPost,DEMO-0101,SHIP-2608-003248,2026-08-31,AMZ-2608-000586,GW-015,USPS Ground Advantage,12.83,0.00,10009,180
Pitney Bowes,DEMO-0101,SHIP-2608-003249,2026-08-31,CM-2608-000034,GW-012,USPS Ground Advantage,8.41,0.00,10009,180
EasyPost,DEMO-0101,SHIP-2608-003250,2026-08-31,CM-2608-000092,GW-012,USPS Ground Advantage,4.28,0.00,10009,180
OSM,DEMO-0101,SHIP-2608-003251,2026-08-31,CM-2608-000098,GW-007,Parcel Select,6.98,0.00,10009,180
OSM,DEMO-0101,SHIP-2608-003252,2026-08-31,CM-2608-000106,GW-007,Parcel Select,14.85,0.00,10009,180
OSM,DEMO-0101,SHIP-2608-003253,2026-08-31,CM-2608-000107,GW-009,Parcel Select,8.56,0.00,10009,180
EasyPost,DEMO-0101,SHIP-2608-003254,2026-08-31,CM-2608-000197,GW-014,USPS Priority,13.83,0.00,10009,180
OSM,DEMO-0101,SHIP-2608-003255,2026-08-31,CM-2608-000269,GW-015,Parcel Select,4.43,0.00,10009,180
EasyPost,DEMO-0101,SHIP-2608-003256,2026-08-31,CM-2608-000308,GW-009,USPS Ground Advantage,12.87,0.00,10009,180
OSM,DEMO-0101,SHIP-2608-003257,2026-08-31,CM-2608-000373,GW-011,Parcel Select,9.90,0.00,10009,180
OSM,DEMO-0101,SHIP-2608-003258,2026-08-31,CM-2608-000425,GW-024,Parcel Select,10.82,0.00,10009,180
OSM,DEMO-0101,SHIP-2608-003259,2026-08-31,CM-2608-000426,GW-008,Parcel Select,7.21,0.65,10009,180
Pitney Bowes,DEMO-0101,SHIP-2608-003260,2026-08-31,CM-2608-000480,GW-005,USPS Ground Advantage,15.22,0.00,10009,180
EasyPost,DEMO-0101,SHIP-2608-003261,2026-08-31,CM-2608-000482,GW-020,USPS Ground Advantage,13.96,0.00,10009,180
OSM,DEMO-0101,SHIP-2608-003262,2026-08-31,CM-2608-000494,GW-006,Parcel Select,6.80,0.00,10009,180
Pitney Bowes,DEMO-0101,SHIP-2608-003263,2026-08-31,EB-2608-000012,GW-005,USPS Ground Advantage,11.61,0.00,10009,180
OSM,DEMO-0101,SHIP-2608-003264,2026-08-31,EB-2608-000044,GW-012,Parcel Select,13.26,0.00,10009,180
OSM,DEMO-0101,SHIP-2608-003265,2026-08-31,EB-2608-000094,GW-016,Parcel Select,13.62,0.00,10009,180
Pitney Bowes,DEMO-0101,SHIP-2608-003266,2026-08-31,EB-2608-000108,GW-004,USPS Ground Advantage,7.21,0.00,10009,180
OSM,DEMO-0101,SHIP-2608-003267,2026-08-31,EB-2608-000119,GW-012,Parcel Select,14.31,0.00,10009,180
OSM,DEMO-0101,SHIP-2608-003268,2026-08-31,EB-2608-000143,GW-002,Parcel Select,6.84,0.00,10009,180
OSM,DEMO-0101,SHIP-2608-003269,2026-08-31,EB-2608-000158,GW-013,Parcel Select,7.25,0.00,10009,180
OSM,DEMO-0101,SHIP-2608-003270,2026-08-31,EB-2608-000212,GW-001,Parcel Select,5.24,0.00,10009,180
OSM,DEMO-0101,SHIP-2608-003271,2026-08-31,EB-2608-000244,GW-008,Parcel Select,7.54,0.00,10009,180
OSM,DEMO-0101,SHIP-2608-003272,2026-08-31,EB-2608-000251,GW-008,Parcel Select,7.99,0.00,10009,180
Pitney Bowes,DEMO-0101,SHIP-2608-003273,2026-08-31,EB-2608-000280,GW-009,USPS Ground Advantage,9.95,0.40,10009,180
Pitney Bowes,DEMO-0101,SHIP-2608-003274,2026-08-31,EB-2608-000290,GW-024,USPS Ground Advantage,5.91,0.00,10009,180
Pitney Bowes,DEMO-0101,SHIP-2608-003275,2026-08-31,EB-2608-000352,GW-017,USPS Ground Advantage,8.59,0.00,10009,180
Pitney Bowes,DEMO-0101,SHIP-2608-003276,2026-08-31,EB-2608-000429,GW-002,USPS Ground Advantage,12.89,0.00,10009,180
OSM,DEMO-0101,SHIP-2608-003277,2026-08-31,EB-2608-000435,GW-008,Parcel Select,12.10,0.00,10009,180
EasyPost,DEMO-0101,SHIP-2608-003278,2026-08-31,EB-2608-000439,GW-009,USPS Priority,5.50,0.00,10009,180
Pitney Bowes,DEMO-0101,SHIP-2608-003279,2026-08-31,EB-2608-000447,GW-013,USPS Ground Advantage,3.51,0.00,10009,180
OSM,DEMO-0101,SHIP-2608-003280,2026-08-31,EB-2608-000476,GW-016,Parcel Select,8.47,0.00,10009,180
OSM,DEMO-0101,SHIP-2608-003281,2026-08-31,EB-2608-000481,GW-002,Parcel Select,14.01,0.00,10009,180
Pitney Bowes,DEMO-0101,SHIP-2608-003282,2026-08-31,EB-2608-000493,GW-017,USPS Ground Advantage,10.91,0.00,10009,180
OSM,DEMO-0101,SHIP-2608-003283,2026-08-31,EB-2608-000524,GW-018,Parcel Select,4.60,0.00,10009,180
OSM,DEMO-0101,SHIP-2608-003284,2026-08-31,EB-2608-000555,GW-008,Parcel Select,5.75,0.00,10009,180
OSM,DEMO-0101,SHIP-2608-003285,2026-08-31,EB-2608-000584,GW-021,Parcel Select,11.62,0.00,10009,180
Pitney Bowes,DEMO-0101,SHIP-2608-003286,2026-08-31,EB-2608-000633,GW-004,USPS Ground Advantage,14.68,0.00,10009,180
OSM,DEMO-0101,SHIP-2608-003287,2026-08-31,EB-2608-000687,GW-007,Parcel Select,15.20,0.00,10009,180
OSM,DEMO-0101,SHIP-2608-003288,2026-08-31,EB-2608-000688,GW-011,Parcel Select,11.49,0.00,10009,180
OSM,DEMO-0101,SHIP-2608-003289,2026-08-31,EB-2608-000702,GW-011,Parcel Select,7.17,0.00,10009,180
OSM,DEMO-0101,SHIP-2608-003290,2026-08-31,EB-2608-000720,GW-006,Parcel Select,9.16,0.00,10009,180
OSM,DEMO-0101,SHIP-2608-003291,2026-08-31,EB-2608-000769,GW-004,Parcel Select,13.93,3.46,10009,180
OSM,DEMO-0101,SHIP-2608-003292,2026-08-31,EB-2608-000783,GW-018,Parcel Select,9.80,0.00,10009,180
OSM,DEMO-0101,SHIP-2608-003293,2026-08-31,GWB-2608-000006,GW-001,Parcel Select,12.16,0.00,10009,180
Pitney Bowes,DEMO-0101,SHIP-2608-003294,2026-08-31,GWB-2608-000058,GW-009,USPS Ground Advantage,9.77,0.00,10009,180
EasyPost,DEMO-0101,SHIP-2608-003295,2026-08-31,GWB-2608-000087,GW-020,USPS Priority,7.70,0.00,10009,180
OSM,DEMO-0101,SHIP-2608-003296,2026-08-31,GWB-2608-000093,GW-002,Parcel Select,12.90,0.00,10009,180
OSM,DEMO-0101,SHIP-2608-003297,2026-08-31,GWB-2608-000136,GW-011,Parcel Select,12.40,0.00,10009,180
Pitney Bowes,DEMO-0101,SHIP-2608-003298,2026-08-31,GWB-2608-000155,GW-016,USPS Ground Advantage,6.58,0.00,10009,180
Pitney Bowes,DEMO-0101,SHIP-2608-003299,2026-08-31,GWB-2608-000157,GW-012,USPS Ground Advantage,13.95,-0.80,10009,180
Pitney Bowes,DEMO-0101,SHIP-2608-003300,2026-08-31,GWB-2608-000166,GW-020,USPS Ground Advantage,8.84,0.00,10009,180
OSM,DEMO-0101,SHIP-2608-003301,2026-08-31,GWB-2608-000224,GW-013,Parcel Select,11.27,0.00,10009,180
OSM,DEMO-0101,SHIP-2608-003302,2026-08-31,GWB-2608-000266,GW-008,Parcel Select,4.14,0.00,10009,180
EasyPost,DEMO-0101,SHIP-2608-003303,2026-08-31,GWB-2608-000303,GW-004,USPS Ground Advantage,5.14,0.00,10009,180
Pitney Bowes,DEMO-0101,SHIP-2608-003304,2026-08-31,GWB-2608-000359,GW-002,USPS Ground Advantage,10.78,0.00,10009,180
EasyPost,DEMO-0101,SHIP-2608-003305,2026-08-31,GWB-2608-000417,GW-007,USPS Priority,6.98,0.00,10009,180
OSM,DEMO-0101,SHIP-2608-003306,2026-08-31,SGW-2608-000020,GW-016,Parcel Select,14.33,0.00,10009,180
OSM,DEMO-0101,SHIP-2608-003307,2026-08-31,SGW-2608-000143,GW-007,Parcel Select,7.92,0.00,10009,180
OSM,DEMO-0101,SHIP-2608-003308,2026-08-31,SGW-2608-000178,GW-010,Parcel Select,11.66,0.00,10009,180
OSM,DEMO-0101,SHIP-2608-003309,2026-08-31,SGW-2608-000180,GW-002,Parcel Select,7.03,-0.23,10009,180
Pitney Bowes,DEMO-0101,SHIP-2608-003310,2026-08-31,SGW-2608-000185,GW-015,USPS Ground Advantage,4.61,0.00,10009,180
Pitney Bowes,DEMO-0101,SHIP-2608-003311,2026-08-31,SGW-2608-000225,GW-004,USPS Ground Advantage,7.39,0.00,10009,180
OSM,DEMO-0101,SHIP-2608-003312,2026-08-31,SGW-2608-000239,GW-004,Parcel Select,4.46,0.00,10009,180
OSM,DEMO-0101,SHIP-2608-003313,2026-08-31,SGW-2608-000285,GW-006,Parcel Select,7.96,0.00,10009,180
EasyPost,DEMO-0101,SHIP-2608-003314,2026-08-31,SGW-2608-000303,GW-008,USPS Priority,9.18,0.00,10009,180
OSM,DEMO-0101,SHIP-2608-003315,2026-08-31,SGW-2608-000325,GW-020,Parcel Select,10.38,0.00,10009,180
Pitney Bowes,DEMO-0101,SHIP-2608-003316,2026-08-31,SGW-2608-000360,GW-017,USPS Ground Advantage,13.26,0.00,10009,180
Pitney Bowes,DEMO-0101,SHIP-2608-003317,2026-08-31,SGW-2608-000417,GW-017,USPS Ground Advantage,8.93,0.00,10009,180
Pitney Bowes,DEMO-0101,SHIP-2608-003318,2026-08-31,SGW-2608-000442,GW-008,USPS Ground Advantage,12.18,0.00,10009,180
Pitney Bowes,DEMO-0101,SHIP-2608-003319,2026-08-31,SGW-2608-000518,GW-009,USPS Ground Advantage,12.53,0.00,10009,180
OSM,DEMO-0101,SHIP-2608-003320,2026-08-31,SGW-2608-000524,GW-012,Parcel Select,5.69,0.00,10009,180
Pitney Bowes,DEMO-0101,SHIP-2608-003321,2026-08-31,SGW-2608-000595,GW-017,USPS Ground Advantage,3.52,0.00,10009,180
OSM,DEMO-0101,SHIP-2608-003322,2026-08-31,SGW-2608-000626,GW-014,Parcel Select,6.08,0.00,10009,180
EasyPost,DEMO-0101,SHIP-2608-003323,2026-08-31,SGW-2608-000657,GW-012,USPS Priority,9.76,0.00,10009,180
EasyPost,DEMO-0101,SHIP-2608-003324,2026-08-31,SGW-2608-000668,GW-020,USPS Priority,13.24,0.00,10009,180
Pitney Bowes,DEMO-0101,SHIP-2608-003325,2026-08-31,SGW-2608-000702,GW-020,USPS Ground Advantage,11.41,0.00,10009,180
OSM,DEMO-0101,SHIP-2608-003326,2026-08-31,SGW-2608-000734,GW-015,Parcel Select,8.53,0.00,10009,180
OSM,DEMO-0101,SHIP-2608-003327,2026-08-31,SGW-2608-000735,GW-004,Parcel Select,11.28,0.00,10009,180
OSM,DEMO-0101,SHIP-2608-003328,2026-08-31,SGW-2608-000766,GW-020,Parcel Select,12.59,0.00,10009,180
Pitney Bowes,DEMO-0101,SHIP-2608-003329,2026-08-31,SGW-2608-000794,GW-002,USPS Ground Advantage,8.58,0.00,10009,180
OSM,DEMO-0101,SHIP-2608-003330,2026-08-31,SGW-2608-000816,GW-004,Parcel Select,3.92,-1.48,10009,180
OSM,DEMO-0101,SHIP-2608-003331,2026-08-31,SGW-2608-000931,GW-001,Parcel Select,13.61,0.00,10009,180
EasyPost,DEMO-0101,SHIP-2608-003332,2026-08-31,SGW-2608-000969,GW-021,USPS Priority,6.52,0.00,10009,180
Pitney Bowes,DEMO-0101,SHIP-2608-003333,2026-08-31,SGW-2608-000976,GW-008,USPS Ground Advantage,14.09,0.00,10009,180
OSM,DEMO-0101,SHIP-2608-003334,2026-08-31,SGW-2608-001051,GW-021,Parcel Select,13.43,0.00,10009,180
Pitney Bowes,DEMO-0101,SHIP-2608-003335,2026-08-31,SGW-2608-001107,GW-013,USPS Ground Advantage,9.83,0.00,10009,180
Pitney Bowes,DEMO-0101,SHIP-2608-003336,2026-08-31,SGW-2608-001110,GW-001,USPS Ground Advantage,10.90,0.00,10009,180
Pitney Bowes,DEMO-0101,SHIP-2608-003337,2026-08-31,SGW-2608-001201,GW-017,USPS Ground Advantage,9.07,0.00,10009,180
Pitney Bowes,DEMO-0101,SHIP-2608-003338,2026-08-31,SGW-2608-001204,GW-019,USPS Ground Advantage,5.26,0.00,10009,180
OSM,DEMO-0101,SHIP-2608-003339,2026-08-31,SGW-2608-001230,GW-010,Parcel Select,13.90,0.00,10009,180
Pitney Bowes,DEMO-0101,SHIP-2608-003340,2026-08-31,SGW-2608-001237,GW-016,USPS Ground Advantage,8.10,0.00,10009,180
OSM,DEMO-0101,SHIP-2608-003341,2026-08-31,SGW-2608-001261,GW-004,Parcel Select,10.98,0.00,10009,180
Pitney Bowes,DEMO-0101,SHIP-2608-003342,2026-08-31,SGW-2608-001331,GW-009,USPS Ground Advantage,14.11,0.00,10009,180
OSM,DEMO-0101,SHIP-2608-003343,2026-08-31,SGW-2608-001368,GW-012,Parcel Select,8.92,0.00,10009,180
OSM,DEMO-0101,SHIP-2608-003344,2026-08-31,SGW-2608-001526,GW-008,Parcel Select,14.35,-1.25,10009,180
OSM,DEMO-0101,SHIP-2608-003345,2026-08-31,SGW-2608-001527,GW-005,Parcel Select,12.58,0.00,10009,180
Pitney Bowes,DEMO-0101,SHIP-2608-003346,2026-08-31,SGW-2608-001545,GW-002,USPS Ground Advantage,12.32,0.00,10009,180
EasyPost,DEMO-0101,SHIP-2608-003347,2026-08-31,SGW-2608-001566,GW-001,USPS Ground Advantage,11.15,0.00,10009,180
OSM,DEMO-0101,SHIP-2608-003348,2026-08-31,SGW-2608-001587,GW-021,Parcel Select,4.97,-0.81,10009,180
OSM,DEMO-0101,SHIP-2608-003349,2026-08-31,SGW-2608-001616,GW-004,Parcel Select,8.30,0.00,10009,180
Pitney Bowes,DEMO-0101,SHIP-2608-003350,2026-08-31,SGW-2608-001695,GW-024,USPS Ground Advantage,10.79,0.00,10009,180
OSM,DEMO-0101,SHIP-2608-003351,2026-08-31,SGW-2608-001730,GW-024,Parcel Select,12.90,0.00,10009,180
OSM,DEMO-0101,SHIP-2608-003352,2026-08-31,SGW-2608-001780,GW-011,Parcel Select,9.39,0.00,10009,180
OSM,DEMO-0101,SHIP-2608-003353,2026-08-31,SGW-2608-001791,GW-014,Parcel Select,10.33,0.00,10009,180
OSM,DEMO-0101,SHIP-2608-003354,2026-08-31,UP-2608-000013,GW-022,Parcel Select,3.97,0.00,10009,180
Pitney Bowes,DEMO-0101,SHIP-2608-003355,2026-08-31,UP-2608-000028,GW-001,USPS Ground Advantage,7.52,0.00,10009,180
OSM,DEMO-0101,SHIP-2608-003356,2026-08-31,UP-2608-000061,GW-023,Parcel Select,13.84,0.00,10009,180
Pitney Bowes,DEMO-0101,SHIP-2608-003357,2026-08-31,UP-2608-000085,GW-004,USPS Ground Advantage,7.06,0.00,10009,180
Pitney Bowes,DEMO-0101,SHIP-2608-003358,2026-08-31,UP-2608-000099,GW-003,USPS Ground Advantage,13.00,0.00,10009,180
EasyPost,DEMO-0101,SHIP-2608-003359,2026-08-31,UP-2608-000124,GW-002,USPS Ground Advantage,9.59,0.00,10009,180
Pitney Bowes,DEMO-0101,SHIP-2608-003360,2026-08-31,UP-2608-000147,GW-002,USPS Ground Advantage,10.17,0.00,10009,180
EasyPost,DEMO-0101,SHIP-2608-003361,2026-08-31,UP-2608-000184,GW-023,USPS Ground Advantage,10.38,0.00,10009,180
Pitney Bowes,DEMO-0101,SHIP-2608-003362,2026-08-31,UP-2608-000217,GW-017,USPS Ground Advantage,5.75,1.10,10009,180
EasyPost,DEMO-0101,SHIP-2608-003363,2026-08-31,UP-2608-000323,GW-018,USPS Priority,6.66,0.00,10009,180
OSM,DEMO-0101,SHIP-2608-003364,2026-08-31,UP-2608-000338,GW-008,Parcel Select,14.21,0.00,10009,180
OSM,DEMO-0101,SHIP-2608-003365,2026-08-31,UP-2608-000363,GW-022,Parcel Select,12.31,0.00,10009,180
OSM,DEMO-0101,SHIP-2608-003366,2026-08-31,UP-2608-000384,GW-024,Parcel Select,8.54,0.00,10009,180
Pitney Bowes,DEMO-0101,SHIP-2608-003367,2026-08-31,UP-2608-000392,GW-021,USPS Ground Advantage,15.18,0.00,10009,180
OSM,DEMO-0101,SHIP-2608-003368,2026-08-31,UP-2608-000444,GW-008,Parcel Select,12.06,0.00,10009,180
Pitney Bowes,DEMO-0101,SHIP-2608-003369,2026-08-31,UP-2608-000504,GW-005,USPS Ground Advantage,12.44,0.00,10009,180
Pitney Bowes,DEMO-0101,SHIP-2608-003370,2026-08-31,UP-2608-000539,GW-023,USPS Ground Advantage,11.77,0.00,10009,180
OSM,DEMO-0101,SHIP-2608-003371,2026-08-31,UP-2608-000547,GW-020,Parcel Select,14.06,0.00,10009,180
Pitney Bowes,DEMO-0101,SHIP-2608-003372,2026-08-31,UP-2608-000619,GW-003,USPS Ground Advantage,14.69,0.00,10009,180
Pitney Bowes,DEMO-0101,SHIP-2608-003373,2026-08-31,AMZ-2608-000048,GW-006,USPS Ground Advantage,8.53,0.00,10009,180
OSM,DEMO-0101,SHIP-2608-003374,2026-08-31,AMZ-2608-000163,GW-014,Parcel Select,8.79,0.00,10009,180
EasyPost,DEMO-0101,SHIP-2608-003375,2026-08-31,AMZ-2608-000217,GW-023,USPS Priority,12.91,0.00,10009,180
OSM,DEMO-0101,SHIP-2608-003376,2026-08-31,AMZ-2608-000267,GW-015,Parcel Select,5.28,0.00,10009,180
Pitney Bowes,DEMO-0101,SHIP-2608-003377,2026-08-31,AMZ-2608-000310,GW-008,USPS Ground Advantage,14.29,0.00,10009,180
Pitney Bowes,DEMO-0101,SHIP-2608-003378,2026-08-31,AMZ-2608-000358,GW-024,USPS Ground Advantage,7.19,0.00,10009,180
EasyPost,DEMO-0101,SHIP-2608-003379,2026-08-31,AMZ-2608-000449,GW-019,USPS Priority,9.34,0.00,10009,180
OSM,DEMO-0101,SHIP-2608-003380,2026-08-31,AMZ-2608-000487,GW-012,Parcel Select,9.89,0.00,10009,180
Pitney Bowes,DEMO-0101,SHIP-2608-003381,2026-08-31,AMZ-2608-000529,GW-011,USPS Ground Advantage,14.34,0.00,10009,180
OSM,DEMO-0101,SHIP-2608-003382,2026-08-31,AMZ-2608-000573,GW-015,Parcel Select,3.90,-0.45,10009,180
OSM,DEMO-0101,SHIP-2608-003383,2026-08-31,AMZ-2608-000597,GW-022,Parcel Select,10.97,0.00,10009,180
Pitney Bowes,DEMO-0101,SHIP-2608-003384,2026-08-31,AMZ-2608-000604,GW-006,USPS Ground Advantage,5.88,0.00,10009,180
Pitney Bowes,DEMO-0101,SHIP-2608-003385,2026-08-31,CM-2608-000020,GW-008,USPS Ground Advantage,12.32,0.00,10009,180
EasyPost,DEMO-0101,SHIP-2608-003386,2026-08-31,CM-2608-000027,GW-003,USPS Ground Advantage,9.71,0.00,10009,180
Pitney Bowes,DEMO-0101,SHIP-2608-003387,2026-08-31,CM-2608-000041,GW-008,USPS Ground Advantage,13.83,0.00,10009,180
Pitney Bowes,DEMO-0101,SHIP-2608-003388,2026-08-31,CM-2608-000062,GW-021,USPS Ground Advantage,5.35,0.00,10009,180
Pitney Bowes,DEMO-0101,SHIP-2608-003389,2026-08-31,CM-2608-000067,GW-009,USPS Ground Advantage,8.50,0.00,10009,180
OSM,DEMO-0101,SHIP-2608-003390,2026-08-31,CM-2608-000201,GW-002,Parcel Select,9.23,0.12,10009,180
OSM,DEMO-0101,SHIP-2608-003391,2026-08-31,CM-2608-000268,GW-020,Parcel Select,7.85,0.00,10009,180
Pitney Bowes,DEMO-0101,SHIP-2608-003392,2026-08-31,CM-2608-000351,GW-015,USPS Ground Advantage,13.35,0.00,10009,180
Pitney Bowes,DEMO-0101,SHIP-2608-003393,2026-08-31,EB-2608-000037,GW-006,USPS Ground Advantage,7.13,0.00,10009,180
OSM,DEMO-0101,SHIP-2608-003394,2026-08-31,EB-2608-000050,GW-008,Parcel Select,5.55,0.00,10009,180
Pitney Bowes,DEMO-0101,SHIP-2608-003395,2026-08-31,EB-2608-000077,GW-001,USPS Ground Advantage,13.09,0.00,10009,180
OSM,DEMO-0101,SHIP-2608-003396,2026-08-31,EB-2608-000091,GW-020,Parcel Select,5.19,0.00,10009,180
OSM,DEMO-0101,SHIP-2608-003397,2026-08-31,EB-2608-000110,GW-023,Parcel Select,9.64,0.00,10009,180
Pitney Bowes,DEMO-0101,SHIP-2608-003398,2026-08-31,EB-2608-000185,GW-017,USPS Ground Advantage,6.79,0.00,10009,180
EasyPost,DEMO-0101,SHIP-2608-003399,2026-08-31,EB-2608-000242,GW-001,USPS Priority,13.43,0.00,10009,180
Pitney Bowes,DEMO-0101,SHIP-2608-003400,2026-08-31,EB-2608-000276,GW-015,USPS Ground Advantage,5.96,0.00,10009,180
Pitney Bowes,DEMO-0101,SHIP-2608-003401,2026-08-31,EB-2608-000281,GW-001,USPS Ground Advantage,14.07,0.00,10009,180
OSM,DEMO-0101,SHIP-2608-003402,2026-08-31,EB-2608-000319,GW-022,Parcel Select,5.31,0.00,10009,180
Pitney Bowes,DEMO-0101,SHIP-2608-003403,2026-08-31,EB-2608-000320,GW-001,USPS Ground Advantage,7.37,0.00,10009,180
Pitney Bowes,DEMO-0101,SHIP-2608-003404,2026-08-31,EB-2608-000426,GW-020,USPS Ground Advantage,14.56,0.00,10009,180
OSM,DEMO-0101,SHIP-2608-003405,2026-08-31,EB-2608-000446,GW-018,Parcel Select,8.01,0.00,10009,180
OSM,DEMO-0101,SHIP-2608-003406,2026-08-31,EB-2608-000475,GW-019,Parcel Select,6.72,0.00,10009,180
EasyPost,DEMO-0101,SHIP-2608-003407,2026-08-31,EB-2608-000523,GW-022,USPS Priority,9.73,0.00,10009,180
OSM,DEMO-0101,SHIP-2608-003408,2026-08-31,EB-2608-000549,GW-008,Parcel Select,14.49,0.00,10009,180
OSM,DEMO-0101,SHIP-2608-003409,2026-08-31,EB-2608-000773,GW-012,Parcel Select,7.10,0.00,10009,180
EasyPost,DEMO-0101,SHIP-2608-003410,2026-08-31,EB-2608-000807,GW-015,USPS Priority,6.56,0.00,10009,180
Pitney Bowes,DEMO-0101,SHIP-2608-003411,2026-08-31,GWB-2608-000002,GW-012,USPS Ground Advantage,13.35,0.00,10009,180
OSM,DEMO-0101,SHIP-2608-003412,2026-08-31,GWB-2608-000024,GW-007,Parcel Select,9.60,0.00,10009,180
OSM,DEMO-0101,SHIP-2608-003413,2026-08-31,GWB-2608-000092,GW-002,Parcel Select,11.21,0.00,10009,180
Pitney Bowes,DEMO-0101,SHIP-2608-003414,2026-08-31,GWB-2608-000271,GW-022,USPS Ground Advantage,6.26,0.00,10009,180
EasyPost,DEMO-0101,SHIP-2608-003415,2026-08-31,GWB-2608-000309,GW-020,USPS Priority,10.39,0.00,10009,180
Pitney Bowes,DEMO-0101,SHIP-2608-003416,2026-08-31,GWB-2608-000312,GW-004,USPS Ground Advantage,5.19,0.00,10009,180
OSM,DEMO-0101,SHIP-2608-003417,2026-08-31,GWB-2608-000434,GW-019,Parcel Select,12.66,0.00,10009,180
OSM,DEMO-0101,SHIP-2608-003418,2026-08-31,SGW-2608-000115,GW-012,Parcel Select,13.19,0.00,10009,180
Pitney Bowes,DEMO-0101,SHIP-2608-003419,2026-08-31,SGW-2608-000170,GW-005,USPS Ground Advantage,8.82,0.00,10009,180
EasyPost,DEMO-0101,SHIP-2608-003420,2026-08-31,SGW-2608-000213,GW-018,USPS Priority,14.56,0.00,10009,180
OSM,DEMO-0101,SHIP-2608-003421,2026-08-31,SGW-2608-000229,GW-011,Parcel Select,4.08,0.00,10009,180
OSM,DEMO-0101,SHIP-2608-003422,2026-08-31,SGW-2608-000261,GW-018,Parcel Select,11.39,0.00,10009,180
EasyPost,DEMO-0101,SHIP-2608-003423,2026-08-31,SGW-2608-000272,GW-024,USPS Ground Advantage,3.58,1.85,10009,180
EasyPost,DEMO-0101,SHIP-2608-003424,2026-08-31,SGW-2608-000574,GW-022,USPS Ground Advantage,8.16,0.00,10009,180
Pitney Bowes,DEMO-0101,SHIP-2608-003425,2026-08-31,SGW-2608-000605,GW-002,USPS Ground Advantage,9.59,0.00,10009,180
OSM,DEMO-0101,SHIP-2608-003426,2026-08-31,SGW-2608-000616,GW-024,Parcel Select,7.53,0.00,10009,180
OSM,DEMO-0101,SHIP-2608-003427,2026-08-31,SGW-2608-000691,GW-004,Parcel Select,11.09,0.00,10009,180
OSM,DEMO-0101,SHIP-2608-003428,2026-08-31,SGW-2608-000708,GW-024,Parcel Select,13.06,0.00,10009,180
EasyPost,DEMO-0101,SHIP-2608-003429,2026-08-31,SGW-2608-000802,GW-015,USPS Ground Advantage,6.75,0.00,10009,180
OSM,DEMO-0101,SHIP-2608-003430,2026-08-31,SGW-2608-000866,GW-012,Parcel Select,10.73,0.00,10009,180
EasyPost,DEMO-0101,SHIP-2608-003431,2026-08-31,SGW-2608-000870,GW-016,USPS Priority,14.52,0.00,10009,180
Pitney Bowes,DEMO-0101,SHIP-2608-003432,2026-08-31,SGW-2608-000873,GW-008,USPS Ground Advantage,12.17,0.00,10009,180
OSM,DEMO-0101,SHIP-2608-003433,2026-08-31,SGW-2608-000907,GW-002,Parcel Select,5.31,0.00,10009,180
OSM,DEMO-0101,SHIP-2608-003434,2026-08-31,SGW-2608-000922,GW-008,Parcel Select,14.37,0.00,10009,180
Pitney Bowes,DEMO-0101,SHIP-2608-003435,2026-08-31,SGW-2608-000971,GW-001,USPS Ground Advantage,3.67,0.00,10009,180
Pitney Bowes,DEMO-0101,SHIP-2608-003436,2026-08-31,SGW-2608-000982,GW-021,USPS Ground Advantage,10.01,0.00,10009,180
OSM,DEMO-0101,SHIP-2608-003437,2026-08-31,SGW-2608-001114,GW-002,Parcel Select,6.98,0.00,10009,180
EasyPost,DEMO-0101,SHIP-2608-003438,2026-08-31,SGW-2608-001154,GW-015,USPS Priority,6.83,2.21,10009,180
EasyPost,DEMO-0101,SHIP-2608-003439,2026-08-31,SGW-2608-001160,GW-013,USPS Priority,8.29,0.00,10009,180
OSM,DEMO-0101,SHIP-2608-003440,2026-08-31,SGW-2608-001163,GW-015,Parcel Select,10.62,0.00,10009,180
Pitney Bowes,DEMO-0101,SHIP-2608-003441,2026-08-31,SGW-2608-001188,GW-024,USPS Ground Advantage,10.02,0.00,10009,180
Pitney Bowes,DEMO-0101,SHIP-2608-003442,2026-08-31,SGW-2608-001266,,USPS Ground Advantage,13.24,0.00,10009,180
Pitney Bowes,DEMO-0101,SHIP-2608-003443,2026-08-31,SGW-2608-001409,GW-023,USPS Ground Advantage,13.97,0.00,10009,180
EasyPost,DEMO-0101,SHIP-2608-003444,2026-08-31,SGW-2608-001516,GW-024,USPS Ground Advantage,4.24,0.00,10009,180
Pitney Bowes,DEMO-0101,SHIP-2608-003445,2026-08-31,SGW-2608-001537,GW-021,USPS Ground Advantage,13.72,0.00,10009,180
OSM,DEMO-0101,SHIP-2608-003446,2026-08-31,UP-2608-000024,GW-009,Parcel Select,8.32,0.00,10009,180
OSM,DEMO-0101,SHIP-2608-003447,2026-08-31,UP-2608-000029,GW-019,Parcel Select,10.45,0.00,10009,180
OSM,DEMO-0101,SHIP-2608-003448,2026-08-31,UP-2608-000066,GW-002,Parcel Select,4.91,0.00,10009,180
EasyPost,DEMO-0101,SHIP-2608-003449,2026-08-31,UP-2608-000088,GW-014,USPS Ground Advantage,13.94,0.00,10009,180
EasyPost,DEMO-0101,SHIP-2608-003450,2026-08-31,UP-2608-000201,GW-008,USPS Ground Advantage,5.94,0.00,10009,180
EasyPost,DEMO-0101,SHIP-2608-003451,2026-08-31,UP-2608-000281,GW-022,USPS Priority,13.45,0.00,10009,180
EasyPost,DEMO-0101,SHIP-2608-003452,2026-08-31,UP-2608-000293,GW-004,USPS Priority,12.44,0.00,10009,180
Pitney Bowes,DEMO-0101,SHIP-2608-003453,2026-08-31,UP-2608-000376,GW-024,USPS Ground Advantage,5.92,0.00,10009,180
Pitney Bowes,DEMO-0101,SHIP-2608-003454,2026-08-31,UP-2608-000414,GW-012,USPS Ground Advantage,8.78,0.00,10009,180
EasyPost,DEMO-0101,SHIP-2608-003455,2026-08-31,UP-2608-000472,GW-022,USPS Priority,7.63,0.00,10009,180
OSM,DEMO-0101,SHIP-2608-003456,2026-08-31,UP-2608-000485,GW-005,Parcel Select,11.07,0.00,10009,180
OSM,DEMO-0101,SHIP-2608-003457,2026-08-31,UP-2608-000494,GW-009,Parcel Select,7.43,0.00,10009,180
